0
0
0
0
0
0
0
0
0
0
0
0
0
0
0
0
0
0
0
0
0
0
0
0
0
0
0
0
0
0
0
0
0
0
0
0
0
0
0
0
0
0
0
0
0
0
0
0
0
0
0
0
0
0
0
0
0
0
0
0
0
0
0
0
0
0
0
0
0
0
0
0
0
0
0
0
0
0
0
0
0
0
0
0
0
0
0
0
0
0
0
0
0
0
0
0
0
0
0
0
0
0
0
0
0
0
0
0
0
0
0
0
0
0
0
0
0
0
0
0
0
0
0
0
0
0
0
0
0
0
0
0
0
0
0
0
0
0
0
0
0
0
0
0
0
0
0
0
0
0
0
0
0
0
0
0
0
0
0
0
0
0
0
0
0
0
0
0
0
0
0
0
0
0
0
0
0
0
0
0
0
0
0
0
0
0
0
0
0
0
0
0
0
0
0
0
0
0
0
0
0
0
0
0
0
0
0
0
0
0
0
0
0
0
0
0
0
0
0
0
0
0
0
0
0
0
0
0
0
0
0
0
0
0
0
0
0
0
0
0
0
0
0
0
0
0
0
0
0
0
0
0
0
0
0
0
0
0
0
0
0
0
0
0
0
0
0
0
0
0
0
0
0
0
0
0
0
0
0
0
0
0
0
0
0
0
0
0
0
0
0
0
0
0
0
0
0
0
0
0
0
0
0
0
0
0
0
0
0
0
0
0
0
0
0
0
0
0
0
0
0
0
0
0
0
0
0
0
0
0
0
0
0
0
0
0
0
0
0
0
0
0
0
0
0
0
0
0
0
0
0
0
0
0
0
0
0
0
0
0
0
0
0
0
0
0
0
0
0
0
0
0
0
0
0
0
0
0
0
0
0
0
0
0
0
0
0
0
0
0
0
0
0
0
0
0
0
0
0
0
0
0
0
0
0
0
0
0
0
0
0
0
0
0
0
0
0
0
0
0
0
0
0
0
0
0
0
0
0.01
0.01
0.01
0.01
0.01
0.02
0.02
0.03
0.03
0.04
0.04
0.05
0.06
0.07
0.08
0.09
0.1
0.12
0.13
0.15
0.17
0.19
0.21
0.23
0.25
0.27
0.29
0.32
0.35
0.37
0.4
0.43
0.47
0.5
0.53
0.57
0.6
0.65
0.68
0.72
0.76
0.8
0.84
0.88
0.92
0.96
1
1.04
1.08
1.12
1.16
1.2
1.24
1.28
1.32
1.36
1.4
1.43
1.47
1.5
1.55
1.57
1.6
1.66
1.7
1.74
1.78
1.81
1.84
1.87
1.91
1.94
1.96
2.01
2.04
2.07
2.1
2.13
2.16
2.19
2.23
2.25
2.28
2.31
2.33
2.37
2.41
2.41
2.44
2.48
2.52
2.54
2.6
2.67
2.71
2.75
2.82
2.92
2.94
2.94
2.89
2.84
2.8
2.75
2.71
2.67
2.52
2.46
2.52
2.58
2.69
2.87
3.12
3.52
4.12
4.64
5.3
6.2
6.82
6.82
6.5
6.13
6.06
6.06
5.92
5.79
5.92
6.13
6.82
7.25
7.73
8.25
8.37
8.37
8.48
8.25
7.93
7.63
7.34
7.16
7.07
7.07
7.07
7.16
7.34
7.53
7.73
7.83
7.73
7.63
7.73
7.83
7.83
7.83
7.53
7.25
7.07
7.07
7.25
7.63
8.14
8.25
8.04
7.73
7.43
7.34
7.43
7.93
8.84
9.49
9.63
9.49
9.09
8.72
8.04
7.43
6.65
5.86
5.19
4.73
4.08
3.89
3.82
3.72
3.79
3.89
4.28
4.12
4.28
4.45
5.08
5.66
6.5
7.43
7.53
7.63
7.73
7.07
6.57
5.92
5.54
5.36
5.3
5.08
4.98
5.08
5.19
5.08
5.03
5.08
5.14
5.79
5.79
6.34
7.07
7.73
8.48
9.22
9.92
10.22
10.38
10.54
10.54
10.54
10.22
9.92
9.09
8.25
7.25
6.5
5.6
4.98
4.73
4.83
4.5
4.41
4.32
4.28
4.28
4.24
4.28
4.24
4.2
4.2
4.2
4.24
4.24
4.16
4.2
4.24
4.12
3.75
3.69
4.04
4.54
4.54
4.59
4.45
4.68
4.68
4.68
4.68
4.64
4.32
4.2
4.54
4.41
4.32
4.45
4.5
4.54
4.78
4.54
4.78
5.3
5.14
5.42
5.25
5.54
5.86
6.27
6.5
6.82
7.07
7.34
7.53
7.83
8.04
7.83
7.43
7.53
7.34
7.25
7.16
6.82
6.73
6.9
6.9
6.9
6.73
6.65
6.65
6.73
6.9
6.98
7.16
7.25
7.34
7.34
7.34
7.53
8.14
8.84
10.7
12.82
12.82
12.39
11.59
10.87
10.22
10.7
11.04
12.82
11.59
11.04
10.38
10.54
10.87
9.36
8.84
9.09
9.63
9.92
10.07
10.07
10.38
10.7
11.4
11.98
12.18
12.6
12.6
12.39
12.39
11.78
11.59
11.22
10.7
9.92
9.22
8.37
7.83
7.73
7.53
7.63
8.04
8.72
9.22
9.36
9.09
8.84
8.84
8.96
8.72
8.37
8.37
8.6
8.84
9.09
9.09
8.96
8.48
7.83
7.07
6.34
5.92
5.79
5.79
5.79
5.86
6.06
6.42
6.65
6.5
6.34
6.13
5.99
5.73
5.66
5.54
5.42
5.36
5.48
5.6
5.66
5.73
5.73
5.86
5.92
6.06
6.13
6.13
6.2
6.2
6.2
6.2
6.27
6.27
6.42
6.5
6.57
6.73
6.73
6.82
6.82
6.73
6.73
6.82
6.82
6.9
6.9
6.82
6.73
6.65
6.65
6.73
6.98
7.16
7.16
7.07
6.9
6.73
6.57
6.5
6.42
6.34
6.27
6.13
6.06
5.99
5.92
5.92
5.92
5.86
5.86
5.79
5.73
5.66
5.54
5.48
5.36
5.25
5.19
5.08
4.98
4.88
4.78
4.68
4.54
4.5
4.41
4.32
4.28
4.2
4.16
4.08
4.04
3.97
3.93
3.89
3.86
3.79
3.75
3.72
3.69
3.65
3.65
3.59
3.52
3.46
3.37
3.28
3.2
3.15
3.07
2.96
2.87
2.75
2.69
2.6
2.54
2.48
2.42
2.37
2.3
2.23
2.18
2.13
2.08
2.02
1.98
1.94
1.89
1.87
1.83
1.79
1.75
1.71
1.68
1.64
1.6
1.56
1.51
1.46
1.41
1.36
1.31
1.26
1.21
1.17
1.12
1.07
1.03
0.99
0.95
0.89
0.83
0.77
0.71
0.65
0.6
0.55
0.5
0.46
0.42
0.38
0.35
0.32
0.29
0.26
0.24
0.21
0.19
0.16
0.14
0.12
0.1
0.09
0.08
0.07
0.06
0.05
0.04
0.04
0.03
0.02
0.02
0.02
0.01
0.01
0.01
0.01
0
0
0
0
0
0
0
0
0
0
0
0
0
0
0
0
0
0
0
0
0
0
0
0
0
0
0
0
0
0
0
0
0
0
0
0
0
0
0
0
0
0
0
0
0
0
0
0
0
0
0
0
0
0
0
0
0
0
0
0
0
0
0
0
0
0
0
0
0
0
0
0
0
0
0
0
0
0
0
0
0
0
0
0
0
0
0
0
0
0
0
0
0
0
0
0
0
0
0
0
0
0
0
0
0
0
0
0
0
0
0
0
0
0
0
0
0
0
0
0
0
0
0
0
0
0
0
0
0
0
0
0
0
0
0
0
0
0
0
0
0
0
0
0
0
0
0
0
0
0
0
0
0
0
0
0
0
0
0
0
0
0
0
0
0
0
0
0
0
0
0
0
0
0
0
0
0
0
0
0
0
0
0
0
0
0
0
0
0
0
0
0
0
0
0
0
0
0
0
0
0
0
0
0
0
0
0
0
0
0
0
0
0
0
0
0
0
0
0
0
0
0
0
0
0
0
0
0
0
0
0
0
0
0
0
0
0
0
0
0
0
0
0
0
0
0
0
0
0
0
0
0
0
0
0
0
0
0
0
0
0
0
0
0
0
0
0
0
0
0
0
0
0
0
0
0
0
0
0
0
0
0
0
0
0
0
0
0
0
0
0
0
0
0
0
0
0
0
0
0
0
0
0
0
0
0
0
0
0
0
0
0
0
0
0
0
0
0
0
0
0
0
0
0
0
0
0
0
0
0
0
0
0
0
0
0
0
0
0
0
0
0
0
0
0
0
0
0
0
0
0
0
0
0
0
0
0
0
0
0
0
0
0
0
0
0
0
0
0
0
0
0
0
0
0
0
0
0
0
0
0
0
0
0
0
0
0
0
0
0
0
0
0
0
0
0
0
0
0
0
0
0
0
0
0
0
0
0
0
0
0
0
0
0
0
0
0
0
0
0
0
0
0
0
0
0
0
0
0
0
0
0
0
0
0
0
0
0
0
0
0
0
0
0
0
0
0
0
0
0
