0
0
0
0
0
0
0
0
0
0
0
0
0
0
0
0
0
0
0
0
0
0
0
0
0
0
0
0
0
0
0
0
0
0
0
0
0
0
0
0
0
0
0
0
0
0
0
0
0
0
0
0
0
0
0
0
0
0
0
0
0
0
0
0
0
0
0
0
0
0
0
0
0
0
0
0
0
0
0
0
0
0
0
0
0
0
0
0
0
0
0
0
0
0
0
0
0
0
0
0
0
0
0
0
0
0
0
0
0
0
0
0
0
0
0
0
0
0
0
0
0
0
0
0
0
0
0
0
0
0
0
0
0
0
0
0
0
0
0
0
0
0
0
0
0
0
0
0
0
0
0
0
0
0
0
0
0
0
0
0
0
0
0
0
0
0
0
0
0
0
0
0
0
0
0
0
0
0
0
0
0
0
0
0
0
0
0
0
0
0
0
0
0
0
0
0
0
0
0
0
0
0
0
0
0
0
0
0
0
0
0
0
0
0
0
0
0
0
0
0
0
0
0
0
0
0
0
0
0
0
0
0
0
0
0
0
0
0
0
0
0
0
0
0
0
0
0
0
0
0
0
0
0
0
0
0
0
0
0
0
0
0
0
0
0
0
0
0
0
0
0
0
0
0
0
0
0
0
0
0
0
0
0
0
0
0
0
0
0
0
0
0
0
0
0
0
0
0
0
0
0
0
0
0
0
0
0
0
0
0
0
0
0
0
0
0
0
0
0
0
0
0
0
0
0
0
0
0
0
0
0
0
0
0
0
0
0
0
0
0
0
0
0
0
0
0
0
0
0
0
0
0
0
0
0
0
0
0
0
0
0
0
0
0
0
0
0
0
0
0
0
0
0
0
0
0
0
0
0
0
0
0
0
0
0
0
0
0
0
0
0
0
0
0
0
0
0
0
0
0
0
0
0
0
0
0
0
0
0
0
0
0
0
0
0
0
0
0
0
0
0
0
0
0
0
0
0
0
0
0
0
0
0
0.006
0.006
0.006
0.006
0.006
0.006
0.012
0.012
0.012
0.018
0.018
0.024
0.024
0.03
0.036
0.042
0.042
0.048
0.06
0.066
0.072
0.084
0.09
0.102
0.114
0.126
0.138
0.15
0.162
0.18
0.192
0.21
0.228
0.246
0.258
0.276
0.3
0.318
0.336
0.36
0.378
0.396
0.414
0.438
0.462
0.48
0.504
0.528
0.546
0.57
0.588
0.612
0.636
0.66
0.678
0.69
0.708
0.744
0.762
0.798
0.81
0.834
0.846
0.864
0.882
0.888
0.912
0.93
0.948
0.96
0.984
0.99
1.026
1.038
1.05
1.062
1.074
1.086
1.116
1.098
1.14
1.152
1.14
1.182
1.2
1.212
1.212
1.23
1.242
1.26
1.272
1.29
1.29
1.29
1.308
1.326
1.344
1.344
1.362
1.362
1.362
1.38
1.398
1.398
1.416
1.416
1.434
1.452
1.398
1.476
1.476
1.476
1.494
1.494
1.494
1.518
1.518
1.536
1.536
1.536
1.56
1.584
1.518
1.584
1.608
1.608
1.608
1.632
1.632
1.632
1.656
1.656
1.68
1.68
1.68
1.68
1.704
1.704
1.728
1.704
1.728
1.728
1.728
1.758
1.758
1.758
1.782
1.782
1.782
1.782
1.812
1.812
1.812
1.758
1.842
1.842
1.842
1.842
1.872
1.872
1.872
1.872
1.902
1.902
1.932
1.812
1.902
1.932
1.932
1.962
1.902
1.932
1.962
1.962
1.962
1.872
1.902
1.872
1.782
1.782
1.932
1.932
1.932
1.962
1.962
1.962
1.962
1.962
1.992
1.992
1.962
1.992
1.992
1.992
2.028
2.028
1.992
1.992
1.932
2.1
1.962
1.932
2.028
1.962
1.992
2.136
1.932
2.064
2.028
1.992
1.932
2.1
2.136
2.328
2.1
2.136
2.1
2.028
2.064
2.172
2.172
2.136
2.064
2.208
2.466
2.376
2.172
2.064
2.1
2.172
2.208
2.376
2.172
2.136
2.418
2.556
2.556
2.556
2.208
2.466
2.286
2.508
3.216
3.606
3.882
3.882
4.968
3.606
3.786
3.786
3.696
3.606
3.696
3.438
3.216
3.522
4.086
3.36
3.072
3.288
2.61
2.376
2.466
2.556
2.418
2.328
2.286
2.376
2.25
2.208
2.25
2.064
2.25
2.328
2.466
2.286
2.172
2.136
2.028
2.136
2.136
2.136
2.1
2.028
2.064
2.1
2.1
2.028
2.028
2.136
2.136
2.064
2.136
1.992
2.028
2.172
2.208
2.172
2.208
2.172
2.172
2.25
2.25
2.208
2.208
2.172
2.1
2.172
2.25
2.376
2.286
2.418
2.508
2.25
2.208
2.286
2.25
2.25
2.376
1.96288
2.086
2.0428
2.2
2.048
1.9628
1.948
1.944
1.934
2.012
1.814
1.968
2.046
2.136
2.1
2.25
2.376
2.25
2.328
2.136
2.172
2.826
2.376
2.136
1.902
1.902
2.064
2.028
2.064
2.1
2.136
2.136
2.136
2.1
1.992
1.932
2.028
1.992
1.962
1.902
1.992
1.962
1.992
1.962
1.932
1.872
1.902
1.962
1.872
1.932
1.842
1.932
1.902
1.872
1.872
1.812
1.872
1.842
1.812
1.812
1.812
1.758
1.758
1.704
1.758
1.812
1.812
1.758
1.782
1.812
1.812
1.782
1.812
1.782
1.812
1.758
1.782
1.782
1.782
1.758
1.782
1.812
1.812
1.812
1.782
1.812
1.782
1.782
1.728
1.758
1.728
1.782
1.902
1.782
1.812
1.812
1.812
1.842
1.842
1.758
1.728
1.728
1.68
1.68
1.68
1.704
1.704
1.704
1.608
1.632
1.608
1.584
1.632
1.632
1.608
1.608
1.584
1.518
1.536
1.494
1.536
1.536
1.518
1.494
1.398
1.398
1.434
1.494
1.434
1.452
1.476
1.452
1.434
1.434
1.476
1.476
1.518
1.536
1.56
1.584
1.632
1.656
1.656
1.704
1.704
1.68
1.68
1.608
1.494
1.518
1.494
1.476
1.434
1.362
1.26
1.2
1.152
1.14
1.098
1.128
1.14
1.14
1.152
1.152
1.17
1.26
1.272
1.2
1.182
1.116
1.074
1.014
0.972
0.9
0.864
0.834
0.846
0.852
0.81
0.81
0.78
0.756
0.756
0.696
0.708
0.69
0.672
0.654
0.642
0.612
0.588
0.576
0.552
0.534
0.51
0.498
0.48
0.474
0.456
0.432
0.396
0.372
0.336
0.318
0.312
0.282
0.258
0.246
0.234
0.21
0.192
0.174
0.168
0.156
0.138
0.126
0.114
0.102
0.09
0.084
0.078
0.072
0.06
0.054
0.048
0.042
0.036
0.03
0.03
0.024
0.018
0.018
0.012
0.012
0.012
0.006
0.006
0.006
0.006
0.006
0.006
0
0
0
0
0
0
0
0
0
0
0
0
0
0
0
0
0
0
0
0
0
0
0
0
0
0
0
0
0
0
0
0
0
0
0
0
0
0
0
0
0
0
0
0
0
0
0
0
0
0
0
0
0
0
0
0
0
0
0
0
0
0
0
0
0
0
0
0
0
0
0
0
0
0
0
0
0
0
0
0
0
0
0
0
0
0
0
0
0
0
0
0
0
0
0
0
0
0
0
0
0
0
0
0
0
0
0
0
0
0
0
0
0
0
0
0
0
0
0
0
0
0
0
0
0
0
0
0
0
0
0
0
0
0
0
0
0
0
0
0
0
0
0
0
0
0
0
0
0
0
0
0
0
0
0
0
0
0
0
0
0
0
0
0
0
0
0
0
0
0
0
0
0
0
0
0
0
0
0
0
0
0
0
0
0
0
0
0
0
0
0
0
0
0
0
0
0
0
0
0
0
0
0
0
0
0
0
0
0
0
0
0
0
0
0
0
0
0
0
0
0
0
0
0
0
0
0
0
0
0
0
0
0
0
0
0
0
0
0
0
0
0
0
0
0
0
0
0
0
0
0
0
0
0
0
0
0
0
0
0
0
0
0
0
0
0
0
0
0
0
0
0
0
0
0
0
0
0
0
0
0
0
0
0
0
0
0
0
0
0
0
0
0
0
0
0
0
0
0
0
0
0
0
0
0
0
0
0
0
0
0
0
0
0
0
0
0
0
0
0
0
0
0
0
0
0
0
0
0
0
0
0
0
0
0
0
0
0
0
0
0
0
0
0
0
0
0
0
0
0
0
0
0
0
0
0
0
0
0
0
0
0
0
0
0
0
0
0
0
0
0
0
0
0
0
0
0
0
0
0
0
0
0
0
0
0
0
0
0
0
0
0
0
0
0
0
0
0
0
0
0
0
0
0
0
0
0
0
0
0
0
0
0
0
0
0
0
0
0
0
0
0
0
0
0
0
0
0
0
0
0
0
0
0
0
0
0
0
0
0
0
0
0
0
0
0
0
