0
0
0
0
0
0
0
0
0
0
0
0
0
0
0
0
0
0
0
0
0
0
0
0
0
0
0
0
0
0
0
0
0
0
0
0
0
0
0
0
0
0
0
0
0
0
0
0
0
0
0
0
0
0
0
0
0
0
0
0
0
0
0
0
0
0
0
0
0
0
0
0
0
0
0
0
0
0
0
0
0
0
0
0
0
0
0
0
0
0
0
0
0
0
0
0
0
0
0
0
0
0
0
0
0
0
0
0
0
0
0
0
0
0
0
0
0
0
0
0
0
0
0
0
0
0
0
0
0
0
0
0
0
0
0
0
0
0
0
0
0
0
0
0
0
0
0
0
0
0
0
0
0
0
0
0
0
0
0
0
0
0
0
0
0
0
0
0
0
0
0
0
0
0
0
0
0
0
0
0
0
0
0
0
0
0
0
0
0
0
0
0
0
0
0
0
0
0
0
0
0
0
0
0
0
0
0
0
0
0
0
0
0
0
0
0
0
0
0
0
0
0
0
0
0
0
0
0
0
0
0
0
0
0
0
0
0
0
0
0
0
0
0
0
0
0
0
0
0
0
0
0
0
0
0
0
0
0
0
0
0
0
0
0
0
0
0
0
0
0
0
0
0
0
0
0
0
0
0
0
0
0
0
0
0
0
0
0
0
0
0
0
0
0
0
0
0
0
0
0
0
0
0
0
0
0
0
0
0
0
0
0
0
0
0
0
0
0
0
0
0
0
0
0
0
0
0
0
0
0
0
0
0
0
0
0
0
0
0
0
0
0
0
0
0
0
0
0
0
0
0
0
0
0
0
0
0
0
0
0
0
0
0
0
0
0
0
0
0
0
0
0
0
0
0
0
0
0
0
0
0
0
0
0
0
0
0
0
0
0
0
0
0
0
0
0
0
0
0
0
0
0
0
0
0
0
0
0
0
0
0
0
0
0
0
0
0
0
0
0
0
0
0
0
0
0
0
0
0
0
0
0
0
0
0
0
0
0
0
0
0
0
0
0
0
0
0
0
0
0
0
0
0
0
0
0
0
0
0
0.01
0.01
0.01
0.01
0.02
0.02
0.02
0.02
0.03
0.04
0.04
0.05
0.06
0.06
0.07
0.07
0.08
0.08
0.08
0.08
0.08
0.07
0.07
0.08
0.09
0.1
0.11
0.13
0.14
0.15
0.17
0.19
0.21
0.25
0.29
0.33
0.36
0.37
0.39
0.44
0.48
0.51
0.56
0.59
0.62
0.64
0.64
0.64
0.63
0.62
0.6
0.58
0.55
0.52
0.51
0.51
0.51
0.47
0.43
0.4
0.41
0.47
0.55
0.61
0.65
0.7
0.78
0.85
0.89
0.9
0.89
0.84
0.8
0.81
0.87
0.92
0.98
1.02
1.04
1.07
1.15
1.3
1.47
1.58
1.65
1.65
1.6
1.52
1.47
1.44
1.42
1.44
1.5
1.58
1.71
1.83
1.95
2.05
2.15
2.27
2.46
2.6
2.72
2.76
2.8
2.8
2.72
2.68
2.64
2.64
2.64
2.72
2.72
2.68
2.6
2.56
2.56
2.56
2.6
2.68
2.8
2.97
3.07
3.17
3.27
3.32
3.38
3.44
3.44
3.44
3.44
3.5
3.5
3.56
3.56
3.62
3.62
3.68
3.68
3.75
3.75
3.81
3.81
3.88
3.88
3.88
3.96
3.88
3.75
3.56
3.38
3.27
3.17
3.22
3.32
3.5
3.56
3.62
3.68
3.75
3.68
3.68
3.68
3.68
3.81
3.81
3.88
3.96
4.11
4.35
4.52
4.62
4.71
4.71
4.81
4.81
4.81
4.81
4.81
4.71
4.62
4.62
4.52
4.43
4.43
4.35
4.35
4.35
4.35
4.26
4.18
4.18
4.11
4.11
4.03
4.11
4.26
4.43
4.43
4.71
4.81
4.91
5.02
5.02
5.02
5.24
5.24
5.36
5.36
5.36
5.24
5.24
5.24
5.24
5.24
5.24
5.24
5.24
5.24
5.36
5.36
5.48
5.6
5.6
5.73
5.87
5.87
6.01
6.01
6.16
6.31
6.47
6.64
6.81
6.81
7
7
7.19
7.19
7.38
7.38
7.59
7.59
7.59
7.38
7.38
7.38
7.38
7.38
7.19
7.19
7.19
7
7
7
7
6.81
6.64
6.64
6.47
6.47
6.16
6.31
6.47
6.47
6.47
6.47
6.31
6.16
6.16
6.16
6.16
5.73
5.36
5.24
5.02
4.43
4.03
4.03
3.62
3.07
2.88
2.93
2.84
2.24
1.88
1.5
1.31
1.26
1.19
1.24
1.55
1.81
1.9
2.46
2.56
2.39
1.81
1.75
1.69
1.62
1.5
1.67
2.07
2.84
3.44
3.56
3.44
2.97
2.72
2.53
2.56
3.12
3.44
3.96
4.52
4.52
4.35
4.11
3.88
3.96
4.03
4.18
4.11
3.96
3.96
3.75
3.75
3.81
3.81
3.81
3.88
3.96
4.11
4.26
4.35
4.43
4.35
4.35
4.35
4.26
4.43
4.52
4.43
4.26
4.18
4.26
4.35
4.26
4.11
3.81
3.38
2.93
2.88
3.02
3.12
2.84
3.12
3.5
3.22
3.07
3.22
3.56
3.62
3.56
3.02
2.42
2.02
1.73
1.6
1.77
2.02
1.95
1.88
1.92
1.47
0.85
0.67
0.62
0.84
0.87
0.71
0.71
0.73
0.73
0.86
1.06
1.62
2.33
2.42
2.1
2
2.3
2.76
3.22
3.38
3.44
3.32
3.22
3.12
3.02
2.97
2.88
2.68
2.49
2.36
2.33
2.39
2.46
2.53
2.49
2.36
2.18
2.1
2.02
1.92
1.95
2.05
2.02
1.81
1.58
1.52
1.67
1.77
1.83
2.02
2.21
2.39
2.56
2.64
2.56
2.39
2.18
2
1.9
1.88
1.9
1.86
1.75
1.62
1.57
1.58
1.45
1.3
1.25
1.19
1.25
1.41
1.53
1.65
1.6
1.67
1.79
1.77
1.81
1.83
1.86
1.86
1.83
1.83
1.83
1.86
1.86
1.83
1.79
1.77
1.77
1.79
1.83
1.86
1.88
1.88
1.88
1.86
1.83
1.81
1.79
1.79
1.73
1.65
1.58
1.53
1.52
1.47
1.39
1.34
1.29
1.26
1.26
1.25
1.24
1.24
1.21
1.18
1.15
1.11
1.08
1.06
1.04
1.01
0.97
0.92
0.87
0.79
0.67
0.49
0.35
0.35
0.38
0.36
0.34
0.3
0.26
0.23
0.21
0.19
0.16
0.12
0.09
0.08
0.08
0.1
0.11
0.1
0.09
0.08
0.08
0.07
0.06
0.05
0.04
0.03
0.03
0.02
0.02
0.02
0.01
0.01
0.01
0.01
0.01
0
0
0
0
0
0
0
0
0
0
0
0
0
0
0
0
0
0
0
0
0
0
0
0
0
0
0
0
0
0
0
0
0
0
0
0
0
0
0
0
0
0
0
0
0
0
0
0
0
0
0
0
0
0
0
0
0
0
0
0
0
0
0
0
0
0
0
0
0
0
0
0
0
0
0
0
0
0
0
0
0
0
0
0
0
0
0
0
0
0
0
0
0
0
0
0
0
0
0
0
0
0
0
0
0
0
0
0
0
0
0
0
0
0
0
0
0
0
0
0
0
0
0
0
0
0
0
0
0
0
0
0
0
0
0
0
0
0
0
0
0
0
0
0
0
0
0
0
0
0
0
0
0
0
0
0
0
0
0
0
0
0
0
0
0
0
0
0
0
0
0
0
0
0
0
0
0
0
0
0
0
0
0
0
0
0
0
0
0
0
0
0
0
0
0
0
0
0
0
0
0
0
0
0
0
0
0
0
0
0
0
0
0
0
0
0
0
0
0
0
0
0
0
0
0
0
0
0
0
0
0
0
0
0
0
0
0
0
0
0
0
0
0
0
0
0
0
0
0
0
0
0
0
0
0
0
0
0
0
0
0
0
0
0
0
0
0
0
0
0
0
0
0
0
0
0
0
0
0
0
0
0
0
0
0
0
0
0
0
0
0
0
0
0
0
0
0
0
0
0
0
0
0
0
0
0
0
0
0
0
0
0
0
0
0
0
0
0
0
0
0
0
0
0
0
0
0
0
0
0
0
0
0
0
0
0
0
0
0
0
0
0
0
0
0
0
0
0
0
0
0
0
0
0
0
0
0
0
0
0
0
0
0
0
0
0
0
0
0
0
0
0
0
0
0
0
0
0
0
0
0
0
0
0
0
0
0
0
0
0
0
0
0
0
0
0
0
0
0
0
0
0
0
0
0
0
0
0
0
0
0
0
0
0
0
0
0
0
0
0
0
0
0
0
0
0
0
0
0
0
0
0
0
0
0
0
0
0
0
0
