0
0
0
0
0
0
0
0
0
0
0
0
0
0
0
0
0
0
0
0
0
0
0
0
0
0
0
0
0
0
0
0
0
0
0
0
0
0
0
0
0
0
0
0
0
0
0
0
0
0
0
0
0
0
0
0
0
0
0
0
0
0
0
0
0
0
0
0
0
0
0
0
0
0
0
0
0
0
0
0
0
0
0
0
0
0
0
0
0
0
0
0
0
0
0
0
0
0
0
0
0
0
0
0
0
0
0
0
0
0
0
0
0
0
0
0
0
0
0
0
0
0
0
0
0
0
0
0
0
0
0
0
0
0
0
0
0
0
0
0
0
0
0
0
0
0
0
0
0
0
0
0
0
0
0
0
0
0
0
0
0
0
0
0
0
0
0
0
0
0
0
0
0
0
0
0
0
0
0
0
0
0
0
0
0
0
0
0
0
0
0
0
0
0
0
0
0
0
0
0
0
0
0
0
0
0
0
0
0
0
0
0
0
0
0
0
0
0
0
0
0
0
0
0
0
0
0
0
0
0
0
0
0
0
0
0
0
0
0
0
0
0
0
0
0
0
0
0
0
0
0
0
0
0
0
0
0
0
0
0
0
0
0
0
0
0
0
0
0
0
0
0
0
0
0
0
0
0
0
0
0
0
0
0
0
0
0
0
0
0
0
0
0
0
0
0
0
0
0
0
0
0
0
0
0
0
0
0
0
0
0
0
0
0
0
0
0
0
0
0
0
0
0
0
0
0
0
0
0
0
0
0
0
0
0
0
0
0
0
0
0
0
0
0
0
0
0
0
0
0
0
0
0
0
0
0
0
0
0
0
0
0
0
0
0
0
0
0
0
0
0
0
0
0
0
0
0
0
0
0
0
0
0
0
0
0
0
0
0
0
0
0
0
0
0
0
0
0
0
0
0
0
0
0
0
0
0
0
0
0
0
0
0
0
0
0
0
0
0
0
0
0
0
0
0
0
0
0
0
0
0
0
0
0
0
0
0
0
0
0
0
0
0
0
0
0
0
0
0
0
0
0.01
0.01
0.01
0.01
0.01
0.01
0.02
0.02
0.02
0.03
0.03
0.04
0.05
0.06
0.06
0.07
0.08
0.09
0.11
0.12
0.14
0.15
0.17
0.19
0.21
0.23
0.25
0.28
0.3
0.33
0.35
0.38
0.41
0.44
0.47
0.5
0.53
0.56
0.58
0.61
0.64
0.68
0.71
0.67
0.7
0.73
0.77
0.8
0.84
0.87
0.9
0.93
0.96
0.98
1.02
1.05
1.07
1.1
1.13
1.15
1.18
1.2
1.24
1.26
1.27
1.3
1.33
1.35
1.38
1.39
1.42
1.45
1.48
1.52
1.53
1.55
1.57
1.58
1.6
1.64
1.65
1.67
1.69
1.71
1.73
1.77
1.77
1.79
1.81
1.83
1.86
1.86
1.88
1.9
1.95
2.02
2.21
2.39
2.46
2.49
2.53
2.72
2.72
2.46
2.42
2.64
2.8
2.84
2.8
3.12
3.62
3.75
3.75
3.81
3.81
3.81
3.88
3.88
3.88
3.88
3.96
3.96
3.96
3.96
4.03
4.03
4.03
4.03
4.03
4.11
4.11
4.11
4.11
4.11
4.18
4.18
4.18
4.18
4.18
4.18
4.26
4.26
4.26
4.26
4.26
4.35
4.35
4.35
4.35
4.35
4.35
4.43
4.52
4.43
4.43
4.52
4.52
4.52
4.52
4.62
4.71
4.71
4.62
4.62
4.71
4.71
4.71
4.71
4.71
4.81
4.81
4.81
4.91
4.91
4.91
5.02
5.02
5.02
5.12
5.12
5.12
5.24
5.24
5.36
5.36
5.36
5.36
5.48
5.48
5.48
5.6
5.6
5.6
5.73
5.73
5.73
5.73
5.73
5.87
5.87
5.87
5.87
5.87
5.87
5.87
6.01
5.87
6.01
6.01
6.01
6.01
6.01
6.01
6.01
6.01
6.01
6.01
6.01
6.01
6.01
6.16
6.16
6.01
6.01
6.01
6.01
6.01
6.01
6.01
6.01
2.42
5.48
5.48
5.48
5.48
5.48
5.6
5.6
5.6
5.6
5.6
5.6
5.48
4.52
2.97
2.8
2.72
2.72
2.72
2.68
2.72
2.72
2.72
2.8
2.72
2.84
2.93
3.68
4.43
4.11
3.5
3.12
2.97
2.72
2.64
2.68
2.72
2.76
2.68
2.76
2.88
2.84
2.72
2.76
2.84
2.93
3.22
2.97
2.76
2.68
2.72
2.84
2.84
2.8
2.8
2.88
2.84
2.8
2.84
3.38
4.03
3.75
3.02
2.8
2.84
2.84
2.88
2.84
2.76
2.8
2.8
3.75
4.03
3.62
3.38
2.97
2.93
2.88
2.93
3.02
3.02
3.22
3.32
3.32
3.44
3.56
3.75
3.81
3.88
3.81
3.75
3.75
3.75
3.81
3.88
4.26
3.75
3.38
3.12
3.02
3.07
3.27
3.32
3.44
3.44
3.32
3.27
3.27
3.27
3.32
3.27
3.22
3.22
3.27
3.22
3.17
3.12
3.17
3.22
3.32
3.32
3.32
3.32
3.38
3.5
3.62
3.62
3.81
3.62
3.68
3.68
3.68
5.6
3.96
4.18
4.26
4.26
4.52
4.18
3.62
3.5
3.27
3.12
2.93
2.76
2.64
2.6
2.6
2.49
2.46
2.42
2.39
2.39
2.39
2.39
2.39
2.42
2.46
2.46
2.46
2.46
2.46
2.46
2.49
2.49
2.49
2.56
2.6
2.64
2.64
2.72
2.8
2.93
3.07
3.17
3.17
3.27
3.44
3.56
3.75
3.88
3.96
4.03
4.03
4.03
3.96
3.96
3.96
3.96
3.96
4.03
4.03
4.18
4.26
4.35
4.35
4.35
4.26
4.03
4.03
4.18
4.18
4.18
4.03
3.75
3.5
3.27
3.07
2.93
2.8
2.76
2.72
2.68
2.68
2.68
2.68
2.68
2.68
2.68
2.64
2.56
2.53
2.49
2.46
2.46
2.46
2.46
2.46
2.46
2.46
2.49
2.53
2.53
2.53
2.49
2.46
2.39
2.36
2.3
2.27
2.24
2.21
2.18
2.18
2.15
2.12
2.1
2.07
2.05
2.02
1.97
1.95
1.92
1.88
1.86
1.83
1.79
1.77
1.73
1.71
1.67
1.62
1.58
1.55
1.52
1.48
1.45
1.41
1.38
1.35
1.31
1.29
1.25
1.21
1.18
1.15
1.12
1.09
1.05
1.02
0.98
0.94
0.9
0.87
0.82
0.77
0.74
0.7
0.66
0.62
0.59
0.56
0.53
0.49
0.46
0.43
0.41
0.38
0.34
0.31
0.29
0.26
0.24
0.22
0.2
0.18
0.16
0.15
0.13
0.12
0.1
0.09
0.08
0.07
0.06
0.05
0.05
0.04
0.03
0.03
0.03
0.02
0.02
0.02
0.01
0.01
0.01
0.01
0.01
0.01
0
0
0
0
0
0
0
0
0
0
0
0
0
0
0
0
0
0
0
0
0
0
0
0
0
0
0
0
0
0
0
0
0
0
0
0
0
0
0
0
0
0
0
0
0
0
0
0
0
0
0
0
0
0
0
0
0
0
0
0
0
0
0
0
0
0
0
0
0
0
0
0
0
0
0
0
0
0
0
0
0
0
0
0
0
0
0
0
0
0
0
0
0
0
0
0
0
0
0
0
0
0
0
0
0
0
0
0
0
0
0
0
0
0
0
0
0
0
0
0
0
0
0
0
0
0
0
0
0
0
0
0
0
0
0
0
0
0
0
0
0
0
0
0
0
0
0
0
0
0
0
0
0
0
0
0
0
0
0
0
0
0
0
0
0
0
0
0
0
0
0
0
0
0
0
0
0
0
0
0
0
0
0
0
0
0
0
0
0
0
0
0
0
0
0
0
0
0
0
0
0
0
0
0
0
0
0
0
0
0
0
0
0
0
0
0
0
0
0
0
0
0
0
0
0
0
0
0
0
0
0
0
0
0
0
0
0
0
0
0
0
0
0
0
0
0
0
0
0
0
0
0
0
0
0
0
0
0
0
0
0
0
0
0
0
0
0
0
0
0
0
0
0
0
0
0
0
0
0
0
0
0
0
0
0
0
0
0
0
0
0
0
0
0
0
0
0
0
0
0
0
0
0
0
0
0
0
0
0
0
0
0
0
0
0
0
0
0
0
0
0
0
0
0
0
0
0
0
0
0
0
0
0
0
0
0
0
0
0
0
0
0
0
0
0
0
0
0
0
0
0
0
0
0
0
0
0
0
0
0
0
0
0
0
0
0
0
0
0
0
0
0
0
0
0
0
0
0
0
0
0
0
0
0
0
0
0
0
0
0
0
0
0
0
0
0
0
0
0
0
0
0
0
0
0
0
0
0
0
0
0
0
0
0
0
0
0
0
0
0
0
0
0
0
0
0
0
0
0
