0
0
0
0
0
0
0
0
0
0
0
0
0
0
0
0
0
0
0
0
0
0
0
0
0
0
0
0
0
0
0
0
0
0
0
0
0
0
0
0
0
0
0
0
0
0
0
0
0
0
0
0
0
0
0
0
0
0
0
0
0
0
0
0
0
0
0
0
0
0
0
0
0
0
0
0
0
0
0
0
0
0
0
0
0
0
0
0
0
0
0
0
0
0
0
0
0
0
0
0
0
0
0
0
0
0
0
0
0
0
0
0
0
0
0
0
0
0
0
0
0
0
0
0
0
0
0
0
0
0
0
0
0
0
0
0
0
0
0
0
0
0
0
0
0
0
0
0
0
0
0
0
0
0
0
0
0
0
0
0
0
0
0
0
0
0
0
0
0
0
0
0
0
0
0
0
0
0
0
0
0
0
0
0
0
0
0
0
0
0
0
0
0
0
0
0
0
0
0
0
0
0
0
0
0
0
0
0
0
0
0
0
0
0
0
0
0
0
0
0
0
0
0
0
0
0
0
0
0
0
0
0
0
0
0
0
0
0
0
0
0
0
0
0
0
0
0
0
0
0
0
0
0
0
0
0
0
0
0
0
0
0
0
0
0
0
0
0
0
0
0
0
0
0
0
0
0
0
0
0
0
0
0
0
0
0
0
0
0
0
0
0
0
0
0
0
0
0
0
0
0
0
0
0
0
0
0
0
0
0
0
0
0
0
0
0
0
0
0
0
0
0
0
0
0
0
0
0
0
0
0
0
0
0
0
0
0
0
0
0
0
0
0
0
0
0
0
0
0
0
0
0
0
0
0
0
0
0
0
0
0
0
0
0
0
0
0
0
0
0
0
0
0
0
0
0
0
0
0
0
0
0
0
0
0
0
0
0
0
0
0
0
0
0
0
0
0
0
0
0
0
0
0
0
0
0
0
0
0
0
0
0
0
0
0
0
0
0
0
0
0
0
0
0
0
0
0
0
0
0
0
0
0
0
0
0
0
0
0
0
0
0
0
0
0
0
0
0
0
0
0
0
0
0
0
0
0
0
0
0
0.01
0.01
0.01
0.01
0.01
0.01
0.01
0.02
0.02
0.02
0.03
0.03
0.04
0.04
0.05
0.05
0.06
0.07
0.08
0.09
0.1
0.11
0.13
0.14
0.16
0.17
0.18
0.19
0.2
0.21
0.22
0.23
0.24
0.25
0.27
0.29
0.31
0.35
0.39
0.43
0.47
0.51
0.54
0.54
0.54
0.54
0.56
0.57
0.61
0.66
0.69
0.72
0.78
0.78
0.8
0.85
0.93
0.97
0.95
1.02
1
1
0.98
1.01
1.11
1.1
1.07
1.14
1.21
1.2
1.23
1.26
1.33
1.35
1.39
1.38
1.35
1.31
1.33
1.3
1.34
1.45
1.41
1.37
1.34
1.34
1.44
1.42
1.45
1.39
1.34
1.34
1.39
1.39
1.39
1.41
1.39
1.44
1.47
1.48
1.6
1.71
1.69
1.67
1.71
1.75
1.79
1.77
1.81
1.9
1.92
1.92
1.95
1.92
1.97
1.92
2.02
1.97
1.95
2.1
2.18
2.3
2.1
2
2.05
2.07
2.02
2
2.07
2.24
2.33
2.56
2.46
2.3
2.27
2.3
2.36
2.3
2.36
2.53
2.56
2.46
2.42
2.33
2.21
2.3
2.39
2.46
2.39
2.46
2.56
2.56
2.64
2.56
2.53
2.53
2.56
2.53
2.53
2.46
2.64
2.93
2.84
2.72
2.93
2.93
2.93
2.93
2.88
2.93
2.84
2.84
2.68
2.42
2.18
2.05
1.86
1.86
1.77
1.52
1.33
1.37
1.64
2.07
2.53
2.97
3.17
3.32
3.38
3.32
3.56
3.5
3.5
3.44
3.5
3.81
3.88
4.11
4.03
3.68
3.56
3.56
3.44
3.38
3.27
3.22
3.27
3.68
3.68
3.75
3.62
3.81
4.03
3.81
3.88
3.68
3.62
3.75
3.75
3.62
3.38
3.56
3.44
3.44
3.22
3.07
2.97
2.97
3.02
3.12
3.02
2.93
2.8
2.76
2.68
2.76
2.93
2.97
2.93
2.93
2.8
2.76
2.68
2.64
2.68
2.68
2.64
2.6
2.6
2.72
2.72
2.76
2.88
2.97
3.02
2.93
2.93
2.97
2.84
2.8
2.88
2.84
3.02
3.12
3.27
3.22
3.44
3.56
3.56
3.56
3.38
3.17
3.17
3.12
3.12
3.22
3.22
3.22
3.22
3.27
3.38
3.38
3.32
3.22
3.07
3.02
2.97
2.97
3.32
3.38
2.97
2.88
2.93
3.07
3.44
3.62
3.56
3.17
2.84
2.76
2.84
2.97
3.07
3.07
3.02
3.02
2.84
2.88
2.8
2.8
2.8
2.93
2.97
2.97
2.88
2.93
3.22
3.22
3.38
3.38
3.38
3.32
3.22
3.22
3.17
3.32
3.12
2.97
2.93
2.88
2.84
2.8
3.02
3.07
3.12
3.02
2.72
2.53
2.49
2.42
2.46
2.53
2.64
2.68
2.68
2.6
2.46
2.46
2.46
2.42
2.42
2.46
2.49
2.56
2.64
2.76
2.93
3.02
3.02
2.88
2.68
2.6
2.72
2.72
2.72
2.68
2.84
2.88
2.97
2.84
2.72
2.56
2.49
2.64
2.64
2.72
2.76
2.84
2.72
2.76
2.88
2.84
2.56
2.6
2.64
2.6
2.53
2.46
2.49
2.56
2.64
2.72
2.76
2.53
2.36
2.42
2.49
2.46
2.3
2.18
2.21
2.27
2.21
2.21
2.12
2.07
2.15
2.33
2.24
2.15
2.12
2.02
1.9
1.86
1.97
2.05
2.02
1.81
1.92
1.88
1.79
1.92
1.88
1.86
1.86
1.83
1.77
1.69
1.71
1.62
1.69
1.6
1.52
1.55
1.44
1.33
1.27
1.26
1.24
1.23
1.24
1.24
1.23
1.21
1.2
1.23
1.25
1.25
1.23
1.23
1.2
1.23
1.27
1.3
1.33
1.35
1.3
1.25
1.25
1.23
1.18
1.13
1.04
0.98
0.92
0.9
0.87
0.84
0.81
0.8
0.8
0.79
0.74
0.73
0.71
0.71
0.68
0.64
0.62
0.6
0.57
0.54
0.52
0.49
0.49
0.49
0.47
0.46
0.44
0.43
0.42
0.39
0.38
0.38
0.38
0.38
0.36
0.33
0.31
0.29
0.28
0.27
0.25
0.23
0.22
0.2
0.18
0.17
0.16
0.16
0.15
0.14
0.13
0.12
0.11
0.11
0.1
0.09
0.08
0.07
0.07
0.06
0.06
0.06
0.05
0.05
0.04
0.04
0.03
0.03
0.02
0.02
0.02
0.01
0.01
0.01
0.01
0.01
0.01
0.01
0.01
0
0
0
0
0
0
0
0
0
0
0
0
0
0
0
0
0
0
0
0
0
0
0
0
0
0
0
0
0
0
0
0
0
0
0
0
0
0
0
0
0
0
0
0
0
0
0
0
0
0
0
0
0
0
0
0
0
0
0
0
0
0
0
0
0
0
0
0
0
0
0
0
0
0
0
0
0
0
0
0
0
0
0
0
0
0
0
0
0
0
0
0
0
0
0
0
0
0
0
0
0
0
0
0
0
0
0
0
0
0
0
0
0
0
0
0
0
0
0
0
0
0
0
0
0
0
0
0
0
0
0
0
0
0
0
0
0
0
0
0
0
0
0
0
0
0
0
0
0
0
0
0
0
0
0
0
0
0
0
0
0
0
0
0
0
0
0
0
0
0
0
0
0
0
0
0
0
0
0
0
0
0
0
0
0
0
0
0
0
0
0
0
0
0
0
0
0
0
0
0
0
0
0
0
0
0
0
0
0
0
0
0
0
0
0
0
0
0
0
0
0
0
0
0
0
0
0
0
0
0
0
0
0
0
0
0
0
0
0
0
0
0
0
0
0
0
0
0
0
0
0
0
0
0
0
0
0
0
0
0
0
0
0
0
0
0
0
0
0
0
0
0
0
0
0
0
0
0
0
0
0
0
0
0
0
0
0
0
0
0
0
0
0
0
0
0
0
0
0
0
0
0
0
0
0
0
0
0
0
0
0
0
0
0
0
0
0
0
0
0
0
0
0
0
0
0
0
0
0
0
0
0
0
0
0
0
0
0
0
0
0
0
0
0
0
0
0
0
0
0
0
0
0
0
0
0
0
0
0
0
0
0
0
0
0
0
0
0
0
0
0
0
0
0
0
0
0
0
0
0
0
0
0
0
0
0
0
0
0
0
0
0
0
0
0
0
0
0
0
0
0
0
0
0
0
0
0
0
0
0
0
0
0
0
0
0
0
0
0
0
0
0
0
0
0
0
0
0
0
0
0
0
0
0
0
0
0
0
0
