0
0
0
0
0
0
0
0
0
0
0
0
0
0
0
0
0
0
0
0
0
0
0
0
0
0
0
0
0
0
0
0
0
0
0
0
0
0
0
0
0
0
0
0
0
0
0
0
0
0
0
0
0
0
0
0
0
0
0
0
0
0
0
0
0
0
0
0
0
0
0
0
0
0
0
0
0
0
0
0
0
0
0
0
0
0
0
0
0
0
0
0
0
0
0
0
0
0
0
0
0
0
0
0
0
0
0
0
0
0
0
0
0
0
0
0
0
0
0
0
0
0
0
0
0
0
0
0
0
0
0
0
0
0
0
0
0
0
0
0
0
0
0
0
0
0
0
0
0
0
0
0
0
0
0
0
0
0
0
0
0
0
0
0
0
0
0
0
0
0
0
0
0
0
0
0
0
0
0
0
0
0
0
0
0
0
0
0
0
0
0
0
0
0
0
0
0
0
0
0
0
0
0
0
0
0
0
0
0
0
0
0
0
0
0
0
0
0
0
0
0
0
0
0
0
0
0
0
0
0
0
0
0
0
0
0
0
0
0
0
0
0
0
0
0
0
0
0
0
0
0
0
0
0
0
0
0
0
0
0
0
0
0
0
0
0
0
0
0
0
0
0
0
0
0
0
0
0
0
0
0
0
0
0
0
0
0
0
0
0
0
0
0
0
0
0
0
0
0
0
0
0
0
0
0
0
0
0
0
0
0
0
0
0
0
0
0
0
0
0
0
0
0
0
0
0
0
0
0
0
0
0
0
0
0
0
0
0
0
0
0
0
0
0
0
0
0
0
0
0
0
0
0
0
0
0
0
0
0
0
0
0
0
0
0
0
0
0
0
0
0
0
0
0
0
0
0
0
0
0
0
0
0
0
0
0
0
0
0
0
0
0
0
0
0
0
0
0
0
0
0
0
0
0
0
0
0
0
0
0
0
0
0
0
0
0
0
0
0
0
0
0
0
0
0
0
0
0
0
0
0
0
0
0
0.007
0.007
0.007
0.007
0.007
0.014
0.014
0.021
0.021
0.028
0.028
0.035
0.035
0.042
0.049
0.056
0.063
0.07
0.077
0.084
0.098
0.112
0.126
0.147
0.161
0.175
0.196
0.21
0.231
0.245
0.266
0.28
0.294
0.301
0.301
0.301
0.301
0.287
0.273
0.259
0.259
0.273
0.287
0.301
0.336
0.378
0.427
0.469
0.511
0.539
0.56
0.574
0.595
0.609
0.63
0.651
0.672
0.7
0.728
0.763
0.791
0.805
0.826
0.847
0.889
0.917
0.959
0.973
0.987
0.994
1.064
1.099
1.169
1.211
1.239
1.085
0.91
0.847
0.812
0.882
0.826
0.812
0.959
1.036
1.085
1.344
1.47
1.589
1.771
1.771
1.848
2.079
2.114
1.904
1.96
2.254
2.667
3.045
3.437
3.584
3.668
3.752
3.836
3.584
3.234
3.164
2.926
2.877
2.982
3.101
3.297
3.367
3.297
3.045
2.667
2.408
2.324
2.408
3.92
3.15
2.916
3.132
3.51
3.042
3.33
2.754
2.844
2.952
2.61
2.646
2.772
3
3
3
3.05
3.5
3.9
3.4
3.3
3.52
3.32
5.033
4.109
3.752
4.417
5.628
5.971
5.628
5.033
5.166
5.971
4.312
4.554
4.464
4.896
4.842
4.986
4.248
4.122
3.78
3.546
3.708
3.582
3.672
3.96
4.158
4.59
4.5
4.248
4.554
4.41
4.896
5.202
5.814
5.958
6.228
6.696
6.858
7.686
7.686
7.488
8.424
8.316
8.1
8.316
8.784
9.846
9.288
11.862
10.152
9.288
10.296
8.91
8.91
9.036
7.884
8.784
9.162
8.208
7.992
6.948
6.948
7.2
7.038
6.858
7.884
8.208
8.784
8.91
9.036
9.288
7.5
7.6
9.2
10
9
9
8
10.2
10.54
9.2
7.259
8.5
8.5
5.166
7.6
7.6
7.6
7.6
8.2
7.6
7.6
7.6
7.6
8.5
7.014
5.796
5.467
4.648
4.529
4.648
4.648
4.648
4.312
4.648
4.767
4.9
7.518
8.092
7.014
6.566
5.313
5.166
5.467
6.16
7.014
6.783
6.783
6.566
6.783
6.566
6.356
6.566
6.783
6.783
6.16
5.796
12.495
11.886
10.808
9.093
10.332
8.736
7.259
8.4
7.308
7.308
6.786
6.03
5.814
6.156
6.534
6.3
6.156
5.886
6.084
6.606
6.39
7.488
7.128
6.606
7.128
7.128
7.398
7.776
8.91
9.162
9.99
9.99
9.288
9.558
9.288
9.162
8.91
9.846
9.846
9.846
9.702
9.702
10.458
10.782
10.962
10.962
11.304
11.124
11.304
11.124
10.962
10.962
10.962
10.962
11.304
11.304
11.304
11.484
11.304
10.962
10.782
10.62
7.518
9.093
10.808
9.884
6.16
6.356
6.356
6.566
6.16
6.16
7.259
8.092
8.092
7.259
7.518
7.518
10.332
7.259
10.152
10.296
10.296
10.458
10.458
10.458
10.296
10.296
10.296
10.458
10.296
10.296
10.152
13.454
13.888
8.4
7.798
13.16
7.518
7.014
8.4
8.736
7.798
7.518
8.4
9.478
9.478
7.798
7.518
9.884
11.886
12.495
11.886
7.014
5.467
4.9
4.648
4.9
4.648
4.648
5.628
7.259
9.478
11.886
12.495
9.884
8.736
7.798
6.356
5.628
5.166
5.313
5.166
4.417
4.417
4.9
5.166
5.166
5.628
5.796
5.467
4.767
4.207
3.437
2.982
3.101
3.437
3.836
4.417
4.648
4.207
4.312
5.313
6.566
7.798
7.518
7.518
6.783
5.467
5.313
5.467
5.033
4.529
3.92
3.752
3.437
3.164
3.668
5.166
6.566
5.796
4.648
4.312
4.207
4.207
3.92
4.109
3.752
3.234
3.101
3.367
3.836
4.109
3.836
3.668
3.514
3.367
3.101
2.772
2.534
2.324
2.254
2.149
2.051
1.96
1.932
1.932
1.904
1.848
1.82
1.771
1.743
1.743
1.722
1.722
1.694
1.673
1.673
1.673
1.673
1.673
1.631
1.568
1.505
1.47
1.484
1.505
1.568
1.61
1.61
1.547
1.47
1.365
1.253
1.148
1.05
0.987
0.945
0.91
0.875
0.833
0.784
0.735
0.679
0.63
0.581
0.546
0.511
0.476
0.455
0.427
0.399
0.371
0.343
0.315
0.294
0.273
0.252
0.231
0.21
0.189
0.175
0.154
0.14
0.119
0.105
0.098
0.084
0.07
0.063
0.056
0.049
0.042
0.035
0.028
0.021
0.021
0.014
0.014
0.007
0.007
0.007
0.007
0.007
0
0
0
0
0
0
0
0
0
0
0
0
0
0
0
0
0
0
0
0
0
0
0
0
0
0
0
0
0
0
0
0
0
0
0
0
0
0
0
0
0
0
0
0
0
0
0
0
0
0
0
0
0
0
0
0
0
0
0
0
0
0
0
0
0
0
0
0
0
0
0
0
0
0
0
0
0
0
0
0
0
0
0
0
0
0
0
0
0
0
0
0
0
0
0
0
0
0
0
0
0
0
0
0
0
0
0
0
0
0
0
0
0
0
0
0
0
0
0
0
0
0
0
0
0
0
0
0
0
0
0
0
0
0
0
0
0
0
0
0
0
0
0
0
0
0
0
0
0
0
0
0
0
0
0
0
0
0
0
0
0
0
0
0
0
0
0
0
0
0
0
0
0
0
0
0
0
0
0
0
0
0
0
0
0
0
0
0
0
0
0
0
0
0
0
0
0
0
0
0
0
0
0
0
0
0
0
0
0
0
0
0
0
0
0
0
0
0
0
0
0
0
0
0
0
0
0
0
0
0
0
0
0
0
0
0
0
0
0
0
0
0
0
0
0
0
0
0
0
0
0
0
0
0
0
0
0
0
0
0
0
0
0
0
0
0
0
0
0
0
0
0
0
0
0
0
0
0
0
0
0
0
0
0
0
0
0
0
0
0
0
0
0
0
0
0
0
0
0
0
0
0
0
0
0
0
0
0
0
0
0
0
0
0
0
0
0
0
0
0
0
0
0
0
0
0
0
0
0
0
0
0
0
0
0
0
0
0
0
0
0
0
0
0
0
0
0
0
0
0
0
0
0
0
0
0
0
0
0
0
0
0
0
0
0
0
0
0
0
0
0
0
0
0
0
0
0
0
0
0
0
0
0
0
0
0
0
0
0
0
0
0
0
0
0
0
0
0
0
0
0
0
0
0
0
0
0
0
0
0
0
0
0
0
0
0
0
0
0
0
0
0
0
0
0
0
0
0
0
0
0
0
0
0
0
0
0
0
0
0
0
0
0
0
0
0
0
0
0
0
0
0
0
0
0
0
0
0
0
0
0
0
0
0
0
