0
0
0
0
0
0
0
0
0
0
0
0
0
0
0
0
0
0
0
0
0
0
0
0
0
0
0
0
0
0
0
0
0
0
0
0
0
0
0
0
0
0
0
0
0
0
0
0
0
0
0
0
0
0
0
0
0
0
0
0
0
0
0
0
0
0
0
0
0
0
0
0
0
0
0
0
0
0
0
0
0
0
0
0
0
0
0
0
0
0
0
0
0
0
0
0
0
0
0
0
0
0
0
0
0
0
0
0
0
0
0
0
0
0
0
0
0
0
0
0
0
0
0
0
0
0
0
0
0
0
0
0
0
0
0
0
0
0
0
0
0
0
0
0
0
0
0
0
0
0
0
0
0
0
0
0
0
0
0
0
0
0
0
0
0
0
0
0
0
0
0
0
0
0
0
0
0
0
0
0
0
0
0
0
0
0
0
0
0
0
0
0
0
0
0
0
0
0
0
0
0
0
0
0
0
0
0
0
0
0
0
0
0
0
0
0
0
0
0
0
0
0
0
0
0
0
0
0
0
0
0
0
0
0
0
0
0
0
0
0
0
0
0
0
0
0
0
0
0
0
0
0
0
0
0
0
0
0
0
0
0
0
0
0
0
0
0
0
0
0
0
0
0
0
0
0
0
0
0
0
0
0
0
0
0
0
0
0
0
0
0
0
0
0
0
0
0
0
0
0
0
0
0
0
0
0
0
0
0
0
0
0
0
0
0
0
0
0
0
0
0
0
0
0
0
0
0
0
0
0
0
0
0
0
0
0
0
0
0
0
0
0
0
0
0
0
0
0
0
0
0
0
0
0
0
0
0
0
0
0
0
0
0
0
0
0
0
0
0
0
0
0
0
0
0
0
0
0
0
0
0
0
0
0
0
0
0
0
0
0
0
0
0
0
0
0
0
0
0
0
0
0
0
0
0
0
0
0
0
0
0
0
0
0
0
0
0
0
0
0
0
0
0
0
0
0
0.01
0.01
0.01
0.01
0.02
0.02
0.02
0.03
0.04
0.05
0.05
0.06
0.06
0.08
0.08
0.09
0.11
0.12
0.13
0.14
0.15
0.17
0.18
0.19
0.21
0.21
0.22
0.22
0.23
0.23
0.24
0.19
0.22
0.3
0.24
0.21
0.27
0.37
0.36
0.46
0.42
0.4
0.5
0.58
0.53
0.37
0.43
0.37
0.39
0.36
0.48
0.52
0.65
0.62
0.71
1.18
1.22
1.55
1.05
1.16
1
1.01
1.29
0.92
0.77
1.24
1.07
1.26
1.52
1.95
1.87
1.76
2.19
2.48
2.02
1.81
1.81
1.46
1.15
1.18
1.15
1.09
1.12
1
0.81
1.31
0.94
1.48
1.7
2.02
1.59
1.58
2.67
2.6
2.42
2.13
2.39
2.33
2.33
2.18
1.99
2.04
1.46
1.57
1.68
2.05
2.13
1.69
1.68
1.49
1.58
1.38
1.23
1.46
1.13
1.17
1.5
1.32
1.42
1.3
1.09
1.29
1.47
2.62
2.15
1.89
2.31
2.1
1.84
1.96
1.63
1.47
1.68
2.07
2.44
2.19
1.66
2.39
2.18
1.83
1.92
2.69
2.46
2.19
2.8
2.33
2.84
3.75
2.41
2.1
3.01
3.93
3.55
4.73
5.36
4.88
4.16
3.59
4.41
5.73
5.54
5.48
5.25
5.25
6.27
7.16
8.6
8.14
9.09
9.49
13.27
11.59
10.22
10.38
11.22
9.92
7.93
5.42
6.34
6.82
6.06
5.73
4.32
3.04
2.87
3.28
3.07
3.12
2.52
2.01
2.3
2.11
2.39
1.89
1.61
1.81
2.31
2.19
2.01
1.76
1.99
2.1
2.16
2.31
3.2
3.79
2.99
2.78
2.48
2.67
3.17
2.92
2.89
2.84
3.2
3.55
3.97
2.87
2.82
3.37
4.32
4.59
3.89
3.89
4.5
4.16
4.41
4.01
3.82
2.94
3.49
3.17
3.12
2.46
3.4
3.52
3.46
3.26
3.04
4.12
4.32
3.2
3.89
3.28
3.07
2.48
3.26
3.46
3.89
4.28
4.45
4.2
3.37
3.65
4.54
5.14
6.13
6.13
5.42
5.3
5.25
5.73
4.93
7.34
9.92
12.39
12.39
11.22
9.77
8.84
8.48
8.14
7.83
5.99
6.65
5.36
5.3
5.92
4.98
5.36
6.34
6.82
5.73
5.3
5.14
5.48
6.13
4.88
4.41
5.14
9.22
13.04
13.04
13.51
11.4
14.01
14.53
12.82
10.38
7.43
6.82
11.04
10.7
10.54
7.43
7.25
11.4
8.84
6.82
5.03
4.59
3.79
2.8
4.64
5.66
7.43
4.98
3.89
6.57
5.48
5.36
5.73
5.25
6.98
5.92
6.57
11.04
8.37
8.04
7.73
8.04
9.63
12.39
9.09
8.84
8.48
7.43
6.9
4.37
3.49
4.41
5.6
8.37
8.72
9.63
8.37
5.3
4.73
5.92
6.06
6.2
7.73
8.48
8.14
6.82
6.06
5.79
6.65
7.83
7.53
5.54
4.2
5.14
4.41
3.82
4.08
6.57
5.25
6.34
6.73
6.98
6.9
6.13
5.92
4.73
4.54
6.57
7.07
5.3
4.45
3.86
3.2
3.37
3.52
3.43
3.07
2.84
3.43
2.07
1.96
2.54
3.46
2.94
2.02
1.51
1.73
1.04
1.22
2.18
3.75
3.31
3.07
2.69
2.33
2.08
1.37
1.26
1.32
1.2
1.28
1.57
1.79
1.88
1.87
2.11
1.7
1.23
1.11
1.23
1.03
1.21
1.24
1.8
1.98
1.91
2.15
1.89
1.96
2.13
2.41
2.26
2.39
3.01
3.09
3.2
3.37
3.28
3.55
3.4
3.79
3.86
3.55
3.65
3.55
3.52
3.59
3.59
3.72
3.43
3.55
3.09
2.75
2.82
2.71
2.99
2.96
3.12
3.43
3.97
4.37
4.54
3.69
3.79
3.75
3.86
4.41
3.89
3.62
3.49
4.83
4.93
3.2
2.94
3.04
2.87
2.75
2.8
3.52
3.62
3.09
2.39
2.39
2.44
2.46
2.33
2.44
2.58
2.44
2.62
2.62
2.41
2.54
2.54
2.54
2.35
2.25
2.35
2.11
1.74
2.1
2.11
2.39
2.42
1.96
1.78
1.84
1.94
1.87
1.79
1.66
1.51
1.46
1.26
1.21
1.16
1.11
1.07
1.01
0.97
0.92
0.88
0.8
0.75
0.76
0.68
0.66
0.6
0.6
0.57
0.5
0.51
0.48
0.45
0.43
0.38
0.36
0.33
0.31
0.28
0.26
0.23
0.21
0.19
0.18
0.16
0.14
0.13
0.12
0.1
0.1
0.08
0.07
0.06
0.05
0.05
0.04
0.03
0.03
0.02
0.02
0.02
0.01
0.01
0.01
0.01
0.01
0
0
0
0
0
0
0
0
0
0
0
0
0
0
0
0
0
0
0
0
0
0
0
0
0
0
0
0
0
0
0
0
0
0
0
0
0
0
0
0
0
0
0
0
0
0
0
0
0
0
0
0
0
0
0
0
0
0
0
0
0
0
0
0
0
0
0
0
0
0
0
0
0
0
0
0
0
0
0
0
0
0
0
0
0
0
0
0
0
0
0
0
0
0
0
0
0
0
0
0
0
0
0
0
0
0
0
0
0
0
0
0
0
0
0
0
0
0
0
0
0
0
0
0
0
0
0
0
0
0
0
0
0
0
0
0
0
0
0
0
0
0
0
0
0
0
0
0
0
0
0
0
0
0
0
0
0
0
0
0
0
0
0
0
0
0
0
0
0
0
0
0
0
0
0
0
0
0
0
0
0
0
0
0
0
0
0
0
0
0
0
0
0
0
0
0
0
0
0
0
0
0
0
0
0
0
0
0
0
0
0
0
0
0
0
0
0
0
0
0
0
0
0
0
0
0
0
0
0
0
0
0
0
0
0
0
0
0
0
0
0
0
0
0
0
0
0
0
0
0
0
0
0
0
0
0
0
0
0
0
0
0
0
0
0
0
0
0
0
0
0
0
0
0
0
0
0
0
0
0
0
0
0
0
0
0
0
0
0
0
0
0
0
0
0
0
0
0
0
0
0
0
0
0
0
0
0
0
0
0
0
0
0
0
0
0
0
0
0
0
0
0
0
0
0
0
0
0
0
0
0
0
0
0
0
0
0
0
0
0
0
0
0
0
0
0
0
0
0
0
0
0
0
0
0
0
0
0
0
0
0
0
0
0
0
0
0
0
0
0
0
0
0
0
0
0
0
0
0
0
0
0
0
0
0
0
0
0
0
0
0
0
0
0
0
0
0
0
0
0
0
0
0
0
0
0
0
0
0
0
0
0
0
0
0
0
0
0
0
0
0
0
0
0
0
0
0
0
0
0
0
0
0
0
0
0
0
0
0
0
0
0
0
0
0
0
0
0
