0
0
0
0
0
0
0
0
0
0
0
0
0
0
0
0
0
0
0
0
0
0
0
0
0
0
0
0
0
0
0
0
0
0
0
0
0
0
0
0
0
0
0
0
0
0
0
0
0
0
0
0
0
0
0
0
0
0
0
0
0
0
0
0
0
0
0
0
0
0
0
0
0
0
0
0
0
0
0
0
0
0
0
0
0
0
0
0
0
0
0
0
0
0
0
0
0
0
0
0
0
0
0
0
0
0
0
0
0
0
0
0
0
0
0
0
0
0
0
0
0
0
0
0
0
0
0
0
0
0
0
0
0
0
0
0
0
0
0
0
0
0
0
0
0
0
0
0
0
0
0
0
0
0
0
0
0
0
0
0
0
0
0
0
0
0
0
0
0
0
0
0
0
0
0
0
0
0
0
0
0
0
0
0
0
0
0
0
0
0
0
0
0
0
0
0
0
0
0
0
0
0
0
0
0
0
0
0
0
0
0
0
0
0
0
0
0
0
0
0
0
0
0
0
0
0
0
0
0
0
0
0
0
0
0
0
0
0
0
0
0
0
0
0
0
0
0
0
0
0
0
0
0
0
0
0
0
0
0
0
0
0
0
0
0
0
0
0
0
0
0
0
0
0
0
0
0
0
0
0
0
0
0
0
0
0
0
0
0
0
0
0
0
0
0
0
0
0
0
0
0
0
0
0
0
0
0
0
0
0
0
0
0
0
0
0
0
0
0
0
0
0
0
0
0
0
0
0
0
0
0
0
0
0
0
0
0
0
0
0
0
0
0
0
0
0
0
0
0
0
0
0
0
0
0
0
0
0
0
0
0
0
0
0
0
0
0
0
0
0
0
0
0
0
0
0
0
0
0
0
0
0
0
0
0
0
0
0
0
0
0
0
0
0
0
0
0
0
0
0
0
0
0
0
0
0
0
0
0
0
0
0
0
0
0
0
0
0
0
0
0
0
0
0
0
0
0
0
0
0
0
0
0
0
0
0
0
0
0
0.007
0.007
0.007
0.007
0.007
0.007
0.007
0.014
0.014
0.014
0.014
0.021
0.021
0.028
0.028
0.035
0.042
0.049
0.049
0.056
0.063
0.063
0.07
0.077
0.084
0.091
0.098
0.105
0.119
0.133
0.147
0.154
0.168
0.175
0.189
0.203
0.217
0.231
0.245
0.266
0.28
0.294
0.308
0.322
0.35
0.378
0.399
0.42
0.434
0.448
0.462
0.49
0.518
0.532
0.539
0.553
0.574
0.595
0.623
0.672
0.735
0.805
0.84
0.868
0.875
0.882
0.903
0.917
0.931
0.938
0.938
0.938
0.938
0.945
0.959
0.987
1.015
1.064
1.099
1.12
1.155
1.183
1.225
1.267
1.281
1.302
1.281
1.267
1.253
1.225
1.211
1.239
1.316
1.365
1.4
1.414
1.47
1.505
1.547
1.589
1.61
1.631
1.652
1.673
1.694
1.722
1.743
1.771
1.82
1.876
1.876
1.876
1.848
1.848
1.82
1.82
1.848
1.876
1.904
1.876
1.904
1.904
1.932
1.96
2.016
2.114
2.184
2.184
2.149
2.184
2.184
2.149
2.149
2.219
2.289
2.366
2.492
2.576
2.625
2.716
2.716
2.667
2.625
2.576
2.492
2.45
2.366
2.408
2.534
2.625
2.625
2.576
2.492
2.366
2.254
2.184
2.114
2.114
2.149
2.254
2.408
2.667
2.821
2.982
3.164
3.297
3.367
3.234
3.045
2.926
2.821
2.716
2.667
2.772
2.821
2.821
2.821
2.772
2.772
2.821
2.877
2.821
2.772
2.772
2.716
2.716
2.625
2.576
2.576
2.492
2.492
2.492
2.492
2.45
2.45
2.45
2.45
2.45
2.492
2.576
2.667
2.716
2.772
2.772
2.772
2.716
2.716
2.772
2.716
2.716
2.716
2.716
2.667
2.576
2.45
2.408
2.408
2.408
2.366
2.366
2.408
2.45
2.492
2.492
2.45
2.408
2.45
2.45
2.408
2.45
2.492
2.45
2.45
2.408
2.408
2.408
2.492
2.534
2.625
2.625
2.667
2.667
2.667
2.625
2.625
2.625
2.625
2.534
2.45
2.366
2.324
2.324
2.289
2.289
2.254
2.219
2.184
2.184
2.184
2.219
2.254
2.366
2.492
2.576
2.625
2.576
2.576
2.667
2.772
2.926
3.101
3.164
3.234
3.367
3.437
3.437
3.297
3.101
2.926
2.821
2.772
2.772
2.772
2.772
2.772
2.821
2.926
3.045
3.164
3.164
3.101
3.045
3.045
3.045
3.045
2.982
2.982
2.926
2.821
2.667
2.492
2.366
2.254
2.149
2.079
2.051
2.114
2.184
2.254
2.289
2.324
2.366
2.408
2.408
2.366
2.366
2.324
2.289
2.289
2.289
2.289
2.324
2.324
2.254
2.219
2.254
2.324
2.45
2.625
2.877
3.234
3.367
3.297
3.101
2.982
2.926
2.877
2.821
2.716
2.667
2.667
2.667
2.716
2.982
3.367
3.514
3.437
3.297
3.164
3.045
2.982
2.926
2.877
2.821
2.716
2.576
2.492
2.45
2.45
2.492
2.492
2.492
2.408
2.324
2.254
2.184
2.114
2.079
2.051
2.051
2.016
2.016
2.016
2.051
2.016
1.988
1.932
1.96
1.988
2.016
2.016
2.079
2.149
2.184
2.184
2.184
2.254
2.254
2.324
2.366
2.366
2.366
2.408
2.576
2.667
2.667
2.667
2.576
2.667
2.716
2.716
2.772
2.821
2.877
2.926
2.926
2.982
2.926
2.877
2.716
2.667
2.576
2.45
2.324
2.289
2.289
2.324
2.45
2.667
2.982
3.297
3.584
3.836
4.011
4.207
4.312
4.417
4.312
4.011
3.668
3.437
3.234
3.164
2.982
2.772
2.667
2.716
2.772
2.821
2.821
2.821
2.821
2.772
2.716
2.576
2.492
2.366
2.289
2.219
2.149
2.149
2.219
2.324
2.408
2.219
1.96
1.848
1.771
1.694
1.722
1.743
1.743
1.722
1.631
1.449
1.302
1.183
1.106
1.036
0.966
0.945
0.973
0.987
0.959
0.945
0.91
0.861
0.805
0.742
0.686
0.658
0.644
0.637
0.63
0.637
0.651
0.672
0.707
0.728
0.707
0.693
0.686
0.686
0.672
0.616
0.574
0.539
0.49
0.483
0.469
0.462
0.476
0.441
0.427
0.441
0.42
0.399
0.392
0.385
0.371
0.336
0.308
0.273
0.259
0.252
0.238
0.217
0.189
0.175
0.154
0.14
0.126
0.119
0.126
0.126
0.126
0.119
0.112
0.112
0.105
0.098
0.091
0.091
0.084
0.077
0.07
0.056
0.049
0.042
0.035
0.028
0.028
0.021
0.021
0.021
0.014
0.014
0.014
0.007
0.007
0.007
0.007
0.007
0.007
0
0
0
0
0
0
0
0
0
0
0
0
0
0
0
0
0
0
0
0
0
0
0
0
0
0
0
0
0
0
0
0
0
0
0
0
0
0
0
0
0
0
0
0
0
0
0
0
0
0
0
0
0
0
0
0
0
0
0
0
0
0
0
0
0
0
0
0
0
0
0
0
0
0
0
0
0
0
0
0
0
0
0
0
0
0
0
0
0
0
0
0
0
0
0
0
0
0
0
0
0
0
0
0
0
0
0
0
0
0
0
0
0
0
0
0
0
0
0
0
0
0
0
0
0
0
0
0
0
0
0
0
0
0
0
0
0
0
0
0
0
0
0
0
0
0
0
0
0
0
0
0
0
0
0
0
0
0
0
0
0
0
0
0
0
0
0
0
0
0
0
0
0
0
0
0
0
0
0
0
0
0
0
0
0
0
0
0
0
0
0
0
0
0
0
0
0
0
0
0
0
0
0
0
0
0
0
0
0
0
0
0
0
0
0
0
0
0
0
0
0
0
0
0
0
0
0
0
0
0
0
0
0
0
0
0
0
0
0
0
0
0
0
0
0
0
0
0
0
0
0
0
0
0
0
0
0
0
0
0
0
0
0
0
0
0
0
0
0
0
0
0
0
0
0
0
0
0
0
0
0
0
0
0
0
0
0
0
0
0
0
0
0
0
0
0
0
0
0
0
0
0
0
0
0
0
0
0
0
0
0
0
0
0
0
0
0
0
0
0
0
0
0
0
0
0
0
0
0
0
0
0
0
0
0
0
0
0
0
0
0
0
0
0
0
0
0
0
0
0
0
0
0
0
0
0
0
0
0
0
0
0
0
0
0
0
0
0
0
0
0
0
0
0
0
0
0
0
0
0
0
0
0
0
0
0
0
0
0
0
0
0
0
0
0
0
0
0
0
0
0
0
0
0
0
0
0
0
0
0
0
0
0
0
0
0
0
0
0
0
0
0
0
0
0
0
0
0
0
0
0
0
0
0
0
0
0
0
0
0
0
0
0
0
0
0
0
