0
0
0
0
0
0
0
0
0
0
0
0
0
0
0
0
0
0
0
0
0
0
0
0
0
0
0
0
0
0
0
0
0
0
0
0
0
0
0
0
0
0
0
0
0
0
0
0
0
0
0
0
0
0
0
0
0
0
0
0
0
0
0
0
0
0
0
0
0
0
0
0
0
0
0
0
0
0
0
0
0
0
0
0
0
0
0
0
0
0
0
0
0
0
0
0
0
0
0
0
0
0
0
0
0
0
0
0
0
0
0
0
0
0
0
0
0
0
0
0
0
0
0
0
0
0
0
0
0
0
0
0
0
0
0
0
0
0
0
0
0
0
0
0
0
0
0
0
0
0
0
0
0
0
0
0
0
0
0
0
0
0
0
0
0
0
0
0
0
0
0
0
0
0
0
0
0
0
0
0
0
0
0
0
0
0
0
0
0
0
0
0
0
0
0
0
0
0
0
0
0
0
0
0
0
0
0
0
0
0
0
0
0
0
0
0
0
0
0
0
0
0
0
0
0
0
0
0
0
0
0
0
0
0
0
0
0
0
0
0
0
0
0
0
0
0
0
0
0
0
0
0
0
0
0
0
0
0
0
0
0
0
0
0
0
0
0
0
0
0
0
0
0
0
0
0
0
0
0
0
0
0
0
0
0
0
0
0
0
0
0
0
0
0
0
0
0
0
0
0
0
0
0
0
0
0
0
0
0
0
0
0
0
0
0
0
0
0
0
0
0
0
0
0
0
0
0
0
0
0
0
0
0
0
0
0
0
0
0
0
0
0
0
0
0
0
0
0
0
0
0
0
0
0
0
0
0
0
0
0
0
0
0
0
0
0
0
0
0
0
0
0
0
0
0
0
0
0
0
0
0
0
0
0
0
0
0
0
0
0
0
0
0
0
0
0
0
0
0
0
0
0
0
0
0
0
0
0
0
0
0
0
0
0
0
0
0
0
0
0
0
0
0
0
0
0
0
0
0
0
0
0
0
0
0
0
0
0
0
0
0
0
0
0
0
0
0
0
0
0
0
0
0
0
0
0.01
0.01
0.01
0.01
0.01
0.02
0.02
0.02
0.03
0.03
0.04
0.05
0.05
0.06
0.07
0.08
0.09
0.1
0.11
0.13
0.14
0.16
0.17
0.19
0.21
0.23
0.25
0.28
0.3
0.33
0.35
0.38
0.41
0.44
0.47
0.5
0.53
0.57
0.61
0.64
0.68
0.71
0.75
0.79
0.81
0.84
0.87
0.9
0.92
0.96
1
1.04
1.08
1.12
1.16
1.2
1.26
1.33
1.39
1.55
1.5
1.52
1.55
1.58
1.64
1.67
1.71
1.73
1.75
1.79
1.86
1.9
1.97
2.05
2.1
2.18
2.21
2.27
2.27
2.27
2.33
2.46
2.39
2.42
2.42
2.49
2.6
2.56
2.64
2.6
2.56
2.6
2.64
2.6
2.64
2.68
2.68
2.68
2.72
2.76
2.8
2.84
2.88
3.12
3.12
3.32
3.27
3.27
3.38
3.44
3.62
4.03
4.26
4.62
5.12
5.48
5.36
5.02
5.87
6.16
6.16
6.16
5.87
6.64
6.64
7.19
7
7.19
6.01
6.47
7.38
7.81
7.38
7.19
8.28
7.81
8.8
8.28
8.8
8.53
8.28
9.08
9.38
9.08
10.02
9.38
9.38
9.38
10.02
10.37
11.14
10.74
8.04
10.02
8.28
9.38
11.14
10.37
12
12
12
12.48
12.48
12.48
12.48
10.37
12.48
9.38
11.56
9.08
8.8
8.28
8.04
8.28
8.53
9.38
8.8
8.53
8.53
9.08
8.8
8.28
8.53
8.53
8.04
8.28
9.08
8.04
8.53
7.81
8.04
8.28
8.8
8.8
8.53
7.38
7.19
7
7
7.59
7.59
7.19
7
6.81
7.81
7.81
7.38
8.04
8.8
8.8
8.8
8.28
8.53
8.53
9.38
9.08
8.8
9.08
9.08
9.38
10.02
10.02
10.74
8.8
9.69
14.12
9.08
8.28
9.38
11.13277374
8.79224544
9.78951402
10.35938178
8.79224544
11.2955931
9.78951402
10.50184872
11.82475602
10.96995438
10.80713502
9.78951402
11.13277374
11.64158424
7.95779622
8.140968
9.6673995
10.0744479
9.78951402
10.80713502
13.41224478
7.85603412
9.6673995
9.40281804
7.95779622
8.79224544
11.47876488
10.0744479
8.79224544
6.65524134
8.140968
8.46660672
10.80713502
8.56836882
7.38792846
7.04193732
6.73665102
9.28070352
5.88184938
7.57110024
7.38792846
6.87911796
7.38792846
8.56836882
7.04193732
5.63762034
5.53585824
6.14643084
6.43136472
6.65524134
6.73665102
6.65524134
6.28889778
6.14643084
5.63762034
7.2251091
7.75427202
6.37030746
6.57383166
5.1898671
6.14643084
6.02431632
5.82079212
6.96052764
6.65524134
5.53585824
7.75427202
5.25092436
5.31198162
6.22784052
5.41374372
6.57383166
5.6986776
6.37030746
6.22784052
4.70140902
5.75973486
5.88184938
6.57383166
6.96052764
5.04740016
4.9863429
4.94563806
5.82079212
6.87911796
6.73665102
6.14643084
7.57110024
7.95779622
6.02431632
5.04740016
4.94563806
4.74211386
5.25092436
5.31198162
4.39612272
4.39612272
4.19259852
3.9687219
4.09083642
5.47480098
5.88184938
5.31198162
4.19259852
4.84387596
4.94563806
5.31198162
4.31471304
4.80317112
3.90766464
4.35541788
4.09083642
3.8669598
4.19259852
4.5792945
3.78555012
4.43682756
3.7651977
3.9687219
3.92801706
4.4775324
4.9863429
4.51823724
4.19259852
4.70140902
4.66070418
4.23330336
4.11118884
4.05013158
3.70414044
3.82625496
4.35541788
4.5792945
4.5792945
3.9687219
4.31471304
3.9687219
4.23330336
4.19259852
4.09083642
4.00942674
3.8669598
3.78555012
3.78555012
3.92801706
3.54132108
3.8669598
3.90766464
4.11118884
5.47480098
5.41374372
2.15
5.48
4.43
4.03
4.43
4.11
3.75
3.62
3.62
3.56
3.44
3.38
3.22
3.22
3.22
3.17
3.22
3.27
3.27
3.17
3.12
3.12
3.07
3.12
3.12
3.96
4.71
4.11
4.43
4.43
4.52
4.62
4.26
4.26
3.81
3.81
3.75
3.75
3.75
3.75
3.75
3.75
3.75
3.75
3.75
3.68
3.68
3.68
3.68
3.62
3.62
3.56
3.62
3.56
3.5
3.5
3.5
3.44
3.44
3.38
3.38
3.38
3.32
3.22
3.17
3.07
3.02
2.97
2.93
2.93
2.88
2.84
2.84
2.8
2.76
2.72
2.68
2.6
2.6
2.56
2.49
2.49
2.46
2.42
2.42
2.39
2.33
2.3
2.27
2.24
2.21
2.18
2.15
2.12
2.1
2.07
2.05
2.02
2
1.97
1.97
1.97
2
2
2.05
2.07
2.1
2.07
2.05
2
1.75
1.01
0.99
0.96
0.95
0.92
0.9
0.87
0.84
0.8
0.77
0.74
0.71
0.68
0.65
0.62
0.59
0.56
0.53
0.5
0.47
0.45
0.42
0.4
0.38
0.35
0.33
0.31
0.29
0.27
0.25
0.23
0.21
0.2
0.18
0.17
0.15
0.14
0.13
0.12
0.11
0.1
0.09
0.08
0.07
0.06
0.05
0.05
0.04
0.04
0.03
0.03
0.02
0.02
0.02
0.02
0.01
0.01
0.01
0.01
0.01
0.01
0.01
0
0
0
0
0
0
0
0
0
0
0
0
0
0
0
0
0
0
0
0
0
0
0
0
0
0
0
0
0
0
0
0
0
0
0
0
0
0
0
0
0
0
0
0
0
0
0
0
0
0
0
0
0
0
0
0
0
0
0
0
0
0
0
0
0
0
0
0
0
0
0
0
0
0
0
0
0
0
0
0
0
0
0
0
0
0
0
0
0
0
0
0
0
0
0
0
0
0
0
0
0
0
0
0
0
0
0
0
0
0
0
0
0
0
0
0
0
0
0
0
0
0
0
0
0
0
0
0
0
0
0
0
0
0
0
0
0
0
0
0
0
0
0
0
0
0
0
0
0
0
0
0
0
0
0
0
0
0
0
0
0
0
0
0
0
0
0
0
0
0
0
0
0
0
0
0
0
0
0
0
0
0
0
0
0
0
0
0
0
0
0
0
0
0
0
0
0
0
0
0
0
0
0
0
0
0
0
0
0
0
0
0
0
0
0
0
0
0
0
0
0
0
0
0
0
0
0
0
0
0
0
0
0
0
0
0
0
0
0
0
0
0
0
0
0
0
0
0
0
0
0
0
0
0
0
0
0
0
0
0
0
0
0
0
0
0
0
0
0
0
0
0
0
0
0
0
0
0
0
0
0
0
0
0
0
0
0
0
0
0
0
0
0
0
0
0
0
0
0
0
0
0
0
0
0
0
0
0
0
0
0
0
0
0
0
0
0
0
0
0
0
0
0
0
0
0
0
0
0
0
0
0
0
0
0
0
0
0
0
0
0
0
0
0
0
0
0
0
0
0
0
0
0
0
0
0
0
0
0
0
0
0
0
0
0
0
0
0
0
0
0
0
0
0
0
0
0
0
0
0
0
0
0
0
0
0
0
0
0
0
0
0
0
0
0
0
0
0
0
0
0
0
0
0
0
0
0
0
0
0
0
0
0
0
0
0
0
0
0
0
0
0
0
0
0
0
0
0
0
0
0
0
