0
0
0
0
0
0
0
0
0
0
0
0
0
0
0
0
0
0
0
0
0
0
0
0
0
0
0
0
0
0
0
0
0
0
0
0
0
0
0
0
0
0
0
0
0
0
0
0
0
0
0
0
0
0
0
0
0
0
0
0
0
0
0
0
0
0
0
0
0
0
0
0
0
0
0
0
0
0
0
0
0
0
0
0
0
0
0
0
0
0
0
0
0
0
0
0
0
0
0
0
0
0
0
0
0
0
0
0
0
0
0
0
0
0
0
0
0
0
0
0
0
0
0
0
0
0
0
0
0
0
0
0
0
0
0
0
0
0
0
0
0
0
0
0
0
0
0
0
0
0
0
0
0
0
0
0
0
0
0
0
0
0
0
0
0
0
0
0
0
0
0
0
0
0
0
0
0
0
0
0
0
0
0
0
0
0
0
0
0
0
0
0
0
0
0
0
0
0
0
0
0
0
0
0
0
0
0
0
0
0
0
0
0
0
0
0
0
0
0
0
0
0
0
0
0
0
0
0
0
0
0
0
0
0
0
0
0
0
0
0
0
0
0
0
0
0
0
0
0
0
0
0
0
0
0
0
0
0
0
0
0
0
0
0
0
0
0
0
0
0
0
0
0
0
0
0
0
0
0
0
0
0
0
0
0
0
0
0
0
0
0
0
0
0
0
0
0
0
0
0
0
0
0
0
0
0
0
0
0
0
0
0
0
0
0
0
0
0
0
0
0
0
0
0
0
0
0
0
0
0
0
0
0
0
0
0
0
0
0
0
0
0
0
0
0
0
0
0
0
0
0
0
0
0
0
0
0
0
0
0
0
0
0
0
0
0
0
0
0
0
0
0
0
0
0
0
0
0
0
0
0
0
0
0
0
0
0
0
0
0
0
0
0
0
0
0
0
0
0
0
0
0
0
0
0
0
0
0
0
0
0
0
0
0
0
0
0
0
0
0
0
0
0
0
0
0
0
0
0
0.01
0.01
0.01
0.01
0.01
0.02
0.02
0.03
0.03
0.04
0.04
0.05
0.06
0.07
0.08
0.09
0.1
0.11
0.13
0.14
0.16
0.17
0.19
0.21
0.23
0.25
0.28
0.3
0.32
0.34
0.37
0.39
0.42
0.45
0.47
0.5
0.53
0.56
0.59
0.62
0.66
0.69
0.72
0.75
0.79
0.82
0.86
0.9
0.94
0.98
1.03
1.09
1.15
1.21
1.25
1.29
1.31
1.35
1.39
1.42
1.45
1.48
1.51
1.53
1.57
1.6
1.63
1.67
1.7
1.73
1.76
1.79
1.83
1.85
1.89
1.92
1.95
1.98
2.01
2.04
2.07
2.08
2.11
2.15
2.16
2.19
2.21
2.25
2.26
2.28
2.31
2.33
2.35
2.39
2.41
2.42
2.44
2.46
2.5
2.52
2.52
2.54
2.56
2.56
2.6
2.62
2.64
2.67
2.69
2.69
2.71
2.75
2.75
2.78
2.8
2.82
2.84
2.87
2.89
2.89
2.92
2.94
2.96
2.96
2.96
2.99
2.99
3.01
3.01
3.04
3.04
3.07
3.07
3.07
3.09
3.09
3.12
3.15
3.15
3.17
3.17
3.2
3.2
3.2
3.23
3.23
3.23
3.26
3.28
3.28
3.28
3.34
3.34
3.37
3.37
3.4
3.4
3.43
3.43
3.46
3.46
3.46
3.49
3.49
3.52
3.52
3.52
3.52
3.55
3.55
3.52
3.55
3.55
3.55
3.55
3.59
3.59
3.59
3.62
3.62
3.62
3.62
3.62
3.62
3.62
3.62
3.62
3.65
3.65
3.65
3.65
3.65
3.65
3.65
3.65
3.65
3.65
3.69
3.69
3.72
3.72
3.75
3.75
3.75
3.75
3.75
3.75
3.75
3.75
3.75
3.79
3.79
3.82
3.82
3.82
3.79
3.79
3.79
3.82
3.82
3.82
3.82
3.86
3.86
3.86
3.86
3.89
3.89
3.89
3.89
3.93
3.93
3.93
3.93
3.93
3.97
3.97
3.97
3.97
3.93
3.93
3.93
3.93
3.93
3.93
3.93
3.93
3.93
3.93
3.93
3.93
3.93
3.93
3.93
3.93
3.93
3.93
3.93
3.93
3.97
3.93
3.97
3.97
3.97
3.97
3.93
3.97
3.97
3.97
3.97
3.97
3.97
4.01
4.01
4.01
4.04
4.04
4.04
4.04
4.04
4.08
4.08
4.08
4.12
4.12
4.16
4.12
4.12
4.12
4.12
4.12
4.12
4.24
4.24
4.12
4.12
4.08
4.08
4.08
4.08
4.08
4.04
4.01
4.04
4.01
4.04
4.04
4.01
4.08
4.08
4.08
4.08
4.12
6.65
8.72
8.6
6.34
5.03
4.83
4.93
6.06
8.14
9.36
9.09
9.09
10.54
15.99
22.74
19.31
13.27
12.82
15.68
14.81
12.18
11.59
10.07
10.07
9.63
8.37
6.2
5.3
4.78
4.64
4.93
5.19
6.06
6.82
6.34
5.66
5.25
4.59
4.2
3.79
4.37
4.41
4.12
3.49
3.43
3.86
3.37
3.69
3.52
3.28
3.28
3.62
3.69
3.62
3.65
3.69
3.65
3.65
3.62
3.62
3.62
3.52
3.59
3.59
3.59
3.55
3.55
3.55
3.59
3.69
3.69
3.55
3.59
3.52
3.07
3.49
3.09
2.92
2.92
3.37
3.23
3.23
3.2
3.37
3.49
3.28
3.12
3.07
3.01
2.92
2.84
2.84
2.89
2.89
3.04
3.15
2.84
2.87
2.92
3.2
3.4
3.62
3.46
3.59
3.55
3.82
3.93
4.01
4.45
5.03
5.54
4.98
4.16
4.37
4.68
4.68
4.45
5.03
5.48
5.6
5.48
5.66
4.93
4.59
4.68
4.68
3.75
3.49
3.55
3.59
3.89
4.08
4.08
3.69
3.37
3.04
2.82
2.69
2.67
2.71
2.67
2.67
2.62
2.58
2.56
2.5
2.48
2.44
2.42
2.42
2.39
2.21
2.37
2.33
2.31
2.28
2.23
2.21
2.19
2.01
2.15
2.11
2.05
2.07
1.96
1.88
1.83
1.76
1.85
1.98
2.16
2.16
2.16
2.19
2.28
2.41
2.39
2.37
2.37
2.19
1.95
1.83
1.83
1.75
1.69
1.57
1.49
1.42
1.39
1.35
1.31
1.28
1.22
1.18
1.15
1.12
1.1
1.07
1.03
1.01
0.98
0.95
0.91
0.89
0.85
0.82
0.79
0.76
0.73
0.7
0.67
0.63
0.6
0.57
0.54
0.51
0.48
0.45
0.42
0.4
0.37
0.35
0.32
0.3
0.28
0.26
0.23
0.21
0.19
0.17
0.16
0.14
0.13
0.12
0.1
0.09
0.08
0.07
0.06
0.05
0.04
0.04
0.03
0.03
0.02
0.02
0.02
0.01
0.01
0.01
0.01
0.01
0
0
0
0
0
0
0
0
0
0
0
0
0
0
0
0
0
0
0
0
0
0
0
0
0
0
0
0
0
0
0
0
0
0
0
0
0
0
0
0
0
0
0
0
0
0
0
0
0
0
0
0
0
0
0
0
0
0
0
0
0
0
0
0
0
0
0
0
0
0
0
0
0
0
0
0
0
0
0
0
0
0
0
0
0
0
0
0
0
0
0
0
0
0
0
0
0
0
0
0
0
0
0
0
0
0
0
0
0
0
0
0
0
0
0
0
0
0
0
0
0
0
0
0
0
0
0
0
0
0
0
0
0
0
0
0
0
0
0
0
0
0
0
0
0
0
0
0
0
0
0
0
0
0
0
0
0
0
0
0
0
0
0
0
0
0
0
0
0
0
0
0
0
0
0
0
0
0
0
0
0
0
0
0
0
0
0
0
0
0
0
0
0
0
0
0
0
0
0
0
0
0
0
0
0
0
0
0
0
0
0
0
0
0
0
0
0
0
0
0
0
0
0
0
0
0
0
0
0
0
0
0
0
0
0
0
0
0
0
0
0
0
0
0
0
0
0
0
0
0
0
0
0
0
0
0
0
0
0
0
0
0
0
0
0
0
0
0
0
0
0
0
0
0
0
0
0
0
0
0
0
0
0
0
0
0
0
0
0
0
0
0
0
0
0
0
0
0
0
0
0
0
0
0
0
0
0
0
0
0
0
0
0
0
0
0
0
0
0
0
0
0
0
0
0
0
0
0
0
0
0
0
0
0
0
0
0
0
0
0
0
0
0
0
0
0
0
0
0
0
0
0
0
0
0
0
0
0
0
0
0
0
0
0
0
0
0
0
0
0
0
0
0
0
0
0
0
0
0
0
0
0
0
0
0
0
0
0
0
0
0
0
0
0
0
0
0
0
0
0
0
0
0
0
0
0
0
0
0
0
0
0
0
0
0
0
0
0
0
0
0
0
0
0
0
0
0
0
0
0
0
0
0
0
0
0
0
0
0
0
0
0
0
0
0
0
