0
0
0
0
0
0
0
0
0
0
0
0
0
0
0
0
0
0
0
0
0
0
0
0
0
0
0
0
0
0
0
0
0
0
0
0
0
0
0
0
0
0
0
0
0
0
0
0
0
0
0
0
0
0
0
0
0
0
0
0
0
0
0
0
0
0
0
0
0
0
0
0
0
0
0
0
0
0
0
0
0
0
0
0
0
0
0
0
0
0
0
0
0
0
0
0
0
0
0
0
0
0
0
0
0
0
0
0
0
0
0
0
0
0
0
0
0
0
0
0
0
0
0
0
0
0
0
0
0
0
0
0
0
0
0
0
0
0
0
0
0
0
0
0
0
0
0
0
0
0
0
0
0
0
0
0
0
0
0
0
0
0
0
0
0
0
0
0
0
0
0
0
0
0
0
0
0
0
0
0
0
0
0
0
0
0
0
0
0
0
0
0
0
0
0
0
0
0
0
0
0
0
0
0
0
0
0
0
0
0
0
0
0
0
0
0
0
0
0
0
0
0
0
0
0
0
0
0
0
0
0
0
0
0
0
0
0
0
0
0
0
0
0
0
0
0
0
0
0
0
0
0
0
0
0
0
0
0
0
0
0
0
0
0
0
0
0
0
0
0
0
0
0
0
0
0
0
0
0
0
0
0
0
0
0
0
0
0
0
0
0
0
0
0
0
0
0
0
0
0
0
0
0
0
0
0
0
0
0
0
0
0
0
0
0
0
0
0
0
0
0
0
0
0
0
0
0
0
0
0
0
0
0
0
0
0
0
0
0
0
0
0
0
0
0
0
0
0
0
0
0
0
0
0
0
0
0
0
0
0
0
0
0
0
0
0
0
0
0
0
0
0
0
0
0
0
0
0
0
0
0
0
0
0
0
0
0
0
0
0
0
0
0
0
0
0
0
0
0
0
0
0
0
0
0
0
0
0
0
0
0
0
0
0
0
0
0
0
0
0
0
0
0
0
0
0
0
0
0
0
0
0
0
0
0
0
0
0
0.01
0.01
0.01
0.01
0.01
0.01
0.01
0.01
0.02
0.02
0.03
0.03
0.04
0.04
0.04
0.04
0.04
0.05
0.06
0.06
0.08
0.08
0.09
0.1
0.09
0.09
0.09
0.12
0.16
0.19
0.18
0.19
0.23
0.24
0.22
0.23
0.28
0.28
0.29
0.28
0.28
0.28
0.29
0.38
0.52
0.52
0.49
0.49
0.37
0.33
0.36
0.45
0.54
0.7
0.67
0.58
0.41
0.35
0.29
0.3
0.39
0.47
0.52
0.66
0.73
0.82
0.97
1.06
1.09
1.12
1.1
1.04
0.98
1.02
1.05
1.1
1.2
1.3
1.38
1.42
1.48
1.49
1.56
1.61
1.53
1.44
1.39
1.38
1.49
1.58
1.64
1.69
1.75
1.87
2.01
2.25
2.5
2.64
2.71
2.67
2.56
2.39
2.25
2.16
2.1
2.05
2.02
1.98
2.01
1.96
1.74
1.55
1.55
1.7
1.83
1.87
1.78
1.69
1.71
1.76
1.75
1.99
2.16
2.18
2.08
1.95
1.89
1.84
2.21
2.84
2.75
2.07
2.01
2.13
2.1
2.25
2.23
2.23
2.64
2.67
2.07
1.83
1.91
1.89
2.02
2.3
2.41
2.52
2.6
2.5
2.62
2.78
2.87
2.94
2.89
3.01
2.94
2.92
2.78
2.8
2.73
2.99
3.01
3.07
3.01
3.01
3.2
3.52
3.72
4.08
4.37
4.37
4.24
4.28
4.37
4.16
3.79
3.59
3.75
3.89
3.82
4.08
4.54
4.83
4.73
4.59
4.45
4.24
3.89
3.37
2.75
2.52
2.67
2.8
2.99
2.99
2.8
3.12
2.99
2.87
2.6
2.73
2.78
2.42
2.52
2.52
2.96
3.43
4.64
4.64
4.04
3.65
3.43
3.69
4.04
4.28
4.32
4.2
4.68
5.25
5.79
6.27
6.34
5.99
5.79
5.66
5.54
5.66
6.42
7.73
8.6
8.84
9.49
9.77
9.09
8.37
7.73
7.25
6.9
6.9
6.98
7.07
7.07
7.16
7.07
6.9
6.65
6.5
6.82
7.34
7.34
7.07
7.34
8.25
9.22
10.38
11.04
11.04
11.04
10.87
10.54
9.92
9.22
8.72
8.72
8.37
8.37
8.84
9.49
9.36
9.63
9.49
8.96
8.14
7.73
8.14
8.72
8.84
8.6
8.6
9.09
9.49
9.77
10.07
10.38
10.07
9.77
9.92
10.07
10.22
9.92
9.63
9.77
9.77
10.22
10.7
9.63
7.93
7.07
7.63
7.63
6.65
5.6
4.78
4.54
4.64
5.25
5.54
6.2
6.73
6.9
6.57
6.42
5.66
4.98
4.78
4.54
4.41
4.73
5.54
6.98
6.9
5.73
4.41
4.28
4.88
6.27
6.34
6.13
6.42
7.34
7.43
7.63
7.93
8.14
8.48
8.6
8.37
8.25
8.25
7.93
7.83
7.63
7.53
7.53
7.43
7.16
7.07
6.98
7.16
7.25
7.34
7.34
7.07
6.73
6.34
6.27
6.65
6.73
6.34
5.66
5.36
5.19
5.14
4.73
4.41
4.2
4.24
4.45
4.73
4.54
4.54
4.01
3.07
3.15
3.17
2.73
2.5
2.08
2.42
3.43
4.04
4.54
4.78
5.25
4.78
5.03
5.19
5.08
4.78
4.41
4.32
4.24
3.89
3.55
3.34
3.65
3.4
3.07
3.07
2.96
2.99
3.09
3.23
2.73
2.64
2.56
2.37
2.05
1.95
2.01
2.54
3.4
3.82
3.89
3.82
3.82
4.08
4.12
4.24
4.54
4.83
4.98
5.08
5.14
5.14
4.88
4.59
4.24
3.75
3.4
3.04
2.78
2.73
2.84
2.75
2.89
3.15
3.17
3.07
2.75
2.44
2.3
2.54
2.56
2.25
2.15
1.99
1.96
1.84
1.53
1.39
1.39
1.34
1.18
1.17
1.22
1.35
1.32
1.15
1.59
1.87
1.75
1.55
1.37
1.37
1.46
1.44
1.45
1.31
1.12
1.08
1.01
1
0.79
0.75
0.63
0.61
0.87
0.36
0.45
0.54
0.52
0.51
0.53
0.71
0.74
0.73
0.7
0.62
0.48
0.54
0.44
0.47
0.43
0.33
0.35
0.32
0.31
0.3
0.3
0.31
0.31
0.3
0.29
0.23
0.29
0.26
0.25
0.2
0.17
0.14
0.14
0.14
0.15
0.13
0.12
0.13
0.11
0.11
0.11
0.08
0.08
0.07
0.06
0.07
0.07
0.06
0.05
0.03
0.03
0.03
0.03
0.02
0.02
0.02
0.02
0.01
0.01
0.01
0.01
0.01
0.01
0.01
0.01
0.01
0
0
0
0
0
0
0
0
0
0
0
0
0
0
0
0
0
0
0
0
0
0
0
0
0
0
0
0
0
0
0
0
0
0
0
0
0
0
0
0
0
0
0
0
0
0
0
0
0
0
0
0
0
0
0
0
0
0
0
0
0
0
0
0
0
0
0
0
0
0
0
0
0
0
0
0
0
0
0
0
0
0
0
0
0
0
0
0
0
0
0
0
0
0
0
0
0
0
0
0
0
0
0
0
0
0
0
0
0
0
0
0
0
0
0
0
0
0
0
0
0
0
0
0
0
0
0
0
0
0
0
0
0
0
0
0
0
0
0
0
0
0
0
0
0
0
0
0
0
0
0
0
0
0
0
0
0
0
0
0
0
0
0
0
0
0
0
0
0
0
0
0
0
0
0
0
0
0
0
0
0
0
0
0
0
0
0
0
0
0
0
0
0
0
0
0
0
0
0
0
0
0
0
0
0
0
0
0
0
0
0
0
0
0
0
0
0
0
0
0
0
0
0
0
0
0
0
0
0
0
0
0
0
0
0
0
0
0
0
0
0
0
0
0
0
0
0
0
0
0
0
0
0
0
0
0
0
0
0
0
0
0
0
0
0
0
0
0
0
0
0
0
0
0
0
0
0
0
0
0
0
0
0
0
0
0
0
0
0
0
0
0
0
0
0
0
0
0
0
0
0
0
0
0
0
0
0
0
0
0
0
0
0
0
0
0
0
0
0
0
0
0
0
0
0
0
0
0
0
0
0
0
0
0
0
0
0
0
0
0
0
0
0
0
0
0
0
0
0
0
0
0
0
0
0
0
0
0
0
0
0
0
0
0
0
0
0
0
0
0
0
0
0
0
0
0
0
0
0
0
0
0
0
0
0
0
0
0
0
0
0
0
0
0
0
0
0
0
0
0
0
0
0
0
0
0
0
0
0
0
0
0
0
0
0
0
0
0
0
0
0
0
0
0
0
0
0
0
0
0
0
0
0
0
0
0
0
0
0
0
0
0
0
0
0
0
0
0
0
0
0
0
0
0
0
0
