0.00

0.00

0.00

0.00

0.00

0.00

0.00

0.00

0.00

0.00

0.00

0.00

0.00

0.00

0.00

0.00

0.00

0.00

0.00

0.00

0.00

0.00

0.00

0.00

0.00

0.00

0.00

0.00

0.00

0.00

0.00

0.00

0.00

0.00

0.00

0.00

0.00

0.00

0.00

0.01

0.01

0.01

0.01

0.01

0.01

0.02

0.02

0.02

0.03

0.03

0.03

0.04

0.04

0.05

0.05

0.06

0.06

0.07

0.07

0.08

0.09

0.10

0.10

0.11

0.12

0.13

0.14

0.14

0.15

0.16

0.17

0.18

0.19

0.20

0.21

0.22

0.23

0.24

0.25

0.26

0.27

0.28

0.29

0.30

0.31

0.32

0.33

0.34

0.35

0.36

0.37

0.38

0.39

0.40

0.41

0.42

0.43

0.44

0.45

0.45

0.46

0.47

0.48

0.48

0.49

0.51

0.52

0.52

0.52

0.53

0.54

0.55

0.56

0.57

0.58

0.59

0.60

0.62

0.62

0.66

0.69

0.69

0.71

0.74

0.80

0.87

0.85

0.90

1.01

1.07

1.09

1.11

1.13

1.14

1.15

1.15

1.16

1.19

1.20

1.21

1.24

1.27

1.30

1.31

1.44

1.35

1.48

1.37

1.38

1.35

1.37

1.38

1.39

1.42

1.45

1.45

1.41

1.48

1.50

1.52

1.53

1.55

1.55

1.58

1.58

1.62

1.65

1.65

1.69

1.71

1.73

1.75

1.79

1.83

1.90

1.88

1.88

1.88

1.88

1.88

1.88

1.90

1.92

1.97

1.86

2.15

2.24

2.27

2.27

2.21

2.15

2.18

2.18

2.18

2.18

2.21

2.21

2.21

2.21

2.18

2.24

2.24

2.27

1.77

2.21

2.33

1.88

2.39

1.90

1.62

2.21

1.86

2.02

2.05

2.33

1.44

1.62

1.73

1.57

1.55

1.52

1.48

1.47

1.57

1.83

1.69

1.64

1.45

1.27

1.17

1.15

1.19

1.20

1.23

1.27

1.34

1.39

1.44

1.47

1.47

1.45

1.45

1.45

1.50

1.60

1.62

1.73

2.33

2.12

2.97

2.12

3.27

2.30

2.02

2.30

2.33

2.60

2.36

2.88

2.46

2.21

3.22

2.10

3.02

3.44

3.32

3.27

2.84

2.33

3.12

1.77

1.83

1.64

1.55

1.48

1.45

1.41

1.24

1.19

1.17

1.08

1.08

1.15

1.26

1.35

1.30

1.60

1.58

1.47

1.42

2.24

2.60

1.48

1.48

1.62

1.71

1.38

1.47

1.81

2.12

2.10

3.07

1.44

2.42

3.02

2.84

1.48

1.42

2.33

1.57

1.52

1.69

1.65

1.42

1.42

1.50

1.45

1.37

1.29

1.20

1.18

1.17

1.25

1.31

1.35

1.34

1.20

1.12

1.07

1.13

1.14

1.05

0.98

0.94

0.94

0.98

0.96

0.98

1.10

1.14

1.08

1.03

1.10

1.25

1.47

1.71

1.77

1.67

1.57

1.47

1.38

1.35

1.52

1.65

1.62

1.58

1.67

1.88

2.00

1.95

1.90

1.60

1.64

1.92

2.10

2.21

2.24

2.12

1.95

1.71

1.60

1.57

1.47

1.44

1.33

1.24

1.17

1.08

1.03

1.13

1.27

1.35

1.29

1.24

1.25

1.33

1.45

1.58

1.67

1.75

1.83

1.92

2.02

1.83

1.71

1.86

1.86

1.86

1.86

1.69

1.64

1.71

1.90

2.05

2.00

1.97

1.95

2.18

2.36

2.49

2.56

2.53

2.60

2.64

2.93

3.02

1.65

1.48

1.21

1.42

1.10

1.12

1.15

1.21

1.30

1.38

1.53

1.77

1.75

1.77

1.90

1.97

1.95

1.95

2.07

3.50

1.97

2.05

1.67

1.23

1.05

1.04

1.02

0.95

0.91

0.92

0.97

1.09

1.21

1.33

1.44

1.42

1.35

1.30

1.44

1.53

1.53

1.42

1.37

1.39

1.42

1.53

1.58

1.60

1.64

1.77

1.92

1.81

1.50

1.15

0.94

0.79

0.73

0.78

0.87

0.96

1.01

1.01

0.91

0.79

0.67

0.53

0.45

0.42

0.41

0.40

0.40

0.40

0.39

0.39

0.40

0.42

0.45

0.51

0.58

0.66

0.73

0.77

0.79

0.81

0.82

0.84

0.90

0.94

0.98

1.03

1.08

1.12

1.16

1.20

1.23

1.25

1.27

1.29

1.26

1.21

1.15

1.08

1.03

0.99

0.97

0.94

0.93

0.95

0.99

1.01

0.96

0.93

0.97

1.10

1.19

1.23

1.30

1.18

0.89

0.78

0.73

0.75

0.84

0.87

0.96

1.12

1.37

1.53

1.29

0.99

0.85

0.76

0.73

0.69

0.66

0.66

0.68

0.70

0.67

0.65

0.65

0.68

0.71

0.73

0.75

0.76

0.74

0.73

0.73

0.71

0.70

0.70

0.70

0.70

0.69

0.67

0.66

0.65

0.65

0.66

0.67

0.67

0.68

0.69

0.71

0.72

0.69

0.65

0.62

0.59

0.57

0.54

0.53

0.51

0.50

0.48

0.47

0.46

0.45

0.44

0.43

0.42

0.41

0.40

0.38

0.37

0.36

0.35

0.34

0.33

0.32

0.31

0.29

0.28

0.27

0.26

0.25

0.24

0.23

0.22

0.21

0.20

0.19

0.18

0.17

0.16

0.15

0.14

0.13

0.12

0.12

0.11

0.10

0.09

0.09

0.08

0.07

0.07

0.06

0.06

0.05

0.04

0.04

0.03

0.03

0.03

0.03

0.02

0.02

0.02

0.02

0.01

0.01

0.01

0.01

0.00

0.00

0.00

0.00

0.00

0.00

0.00

0.00

0.00

0.00

0.00

0.00

0.00

0.00

0.00

0.00

0.00

0.00

0.00

0.00

0.00

0.00

0.00

0.00

0.00

0.00

0.00

0.00

0.00

0.00

0.00

0.00

0.00

0.00

0.00

0.00

0.00

0.00

0.00

0.00

0.00

0.00

0.00

0.00

0.00

0.00

0.00

0.00

0.00

0.01

0.00

0.01

0.01

0.00

