0.00

0.00

0.00

0.00

0.00

0.00

0.00

0.00

0.00

0.00

0.00

0.00

0.00

0.00

0.00

0.00

0.00

0.00

0.00

0.00

0.00

0.00

0.00

0.00

0.00

0.00

0.00

0.00

0.01

0.01

0.01

0.01

0.01

0.01

0.01

0.02

0.02

0.02

0.03

0.04

0.04

0.05

0.05

0.06

0.07

0.09

0.10

0.12

0.13

0.14

0.15

0.15

0.17

0.18

0.19

0.21

0.22

0.24

0.25

0.27

0.29

0.31

0.34

0.35

0.37

0.38

0.41

0.43

0.46

0.48

0.50

0.51

0.51

0.51

0.52

0.53

0.55

0.57

0.59

0.60

0.60

0.60

0.60

0.61

0.63

0.66

0.71

0.77

0.84

0.91

0.95

0.99

1.02

1.01

0.98

0.94

0.92

0.94

0.95

0.95

0.95

0.92

0.89

0.85

0.83

0.83

0.83

0.84

0.85

0.89

0.94

0.99

1.02

1.02

1.02

1.03

1.04

1.04

1.04

1.05

1.06

1.10

1.12

1.14

1.16

1.16

1.17

1.17

1.18

1.21

1.24

1.26

1.27

1.29

1.30

1.31

1.33

1.35

1.37

1.40

1.41

1.42

1.42

1.43

1.42

1.41

1.40

1.38

1.38

1.40

1.41

1.43

1.45

1.48

1.52

1.53

1.52

1.48

1.47

1.49

1.53

1.59

1.64

1.68

1.69

1.71

1.75

1.85

1.95

2.04

2.14

2.22

2.25

2.18

2.06

2.10

2.16

2.29

2.27

2.22

2.29

2.33

2.36

2.38

2.50

2.66

2.75

2.61

2.48

2.63

2.86

2.96

2.99

2.96

2.89

2.80

2.66

2.53

2.38

2.29

2.27

2.31

2.33

2.33

2.38

2.36

2.38

2.45

2.53

2.53

2.48

2.43

2.48

2.50

2.53

2.58

2.61

2.58

2.50

2.48

2.40

2.31

2.22

2.16

2.22

2.22

2.22

2.22

2.20

2.22

2.33

2.36

2.43

2.61

2.89

2.93

2.77

2.99

2.96

2.53

2.06

2.14

2.27

2.25

2.22

2.63

2.61

2.04

2.02

2.27

2.29

2.58

2.66

3.06

3.20

2.93

2.58

3.13

2.99

2.27

2.10

2.48

2.66

2.83

2.69

2.22

1.90

2.04

1.99

1.85

1.77

2.06

2.38

2.58

2.55

2.83

2.99

2.96

3.09

3.38

3.42

3.20

3.02

3.27

2.86

3.13

3.23

3.09

2.89

2.58

2.29

2.18

2.27

2.25

2.43

1.97

1.95

1.85

2.06

1.99

2.29

2.25

2.18

1.97

2.12

2.06

2.31

2.69

2.45

2.99

3.06

3.16

3.02

2.93

2.58

2.77

2.53

2.33

2.20

2.45

2.36

2.29

2.55

2.45

2.63

2.55

2.72

3.02

2.61

2.55

2.63

2.55

2.53

2.27

2.01

1.92

1.93

2.14

2.14

2.14

2.25

2.55

2.31

2.27

1.90

2.02

1.58

1.78

1.64

2.06

2.22

2.16

1.92

1.71

1.53

1.69

1.52

1.48

1.68

1.41

2.12

2.22

2.12

2.20

2.12

2.18

2.01

2.25

2.96

2.22

2.96

2.48

2.14

1.92

2.43

2.22

2.27

2.22

2.02

2.08

1.74

2.29

2.10

1.92

1.99

1.93

1.78

2.16

2.40

2.77

3.38

3.31

2.53

2.25

2.08

2.10

2.18

2.40

2.63

2.38

1.93

2.43

2.72

2.08

2.22

1.80

2.18

2.50

2.29

2.10

2.27

2.08

1.80

2.01

2.01

1.80

1.92

2.06

1.86

1.61

1.78

1.71

1.80

1.54

1.68

1.75

1.66

1.53

1.57

1.57

1.75

1.69

1.26

1.08

1.07

1.05

1.06

1.04

1.21

1.31

1.32

1.88

1.88

1.43

1.33

1.07

1.09

1.42

1.44

1.40

1.36

1.45

1.25

1.25

1.35

1.38

1.42

1.33

1.21

1.69

1.62

1.43

1.71

1.58

1.83

1.72

1.41

1.34

1.58

1.25

1.31

1.32

1.27

1.25

1.06

1.14

1.26

1.30

1.59

1.57

1.54

1.47

1.53

1.58

1.58

1.53

1.68

1.47

1.86

1.83

1.54

1.49

1.53

1.53

1.59

1.29

1.42

1.29

1.21

1.35

1.30

1.16

1.26

1.18

1.15

1.16

1.11

1.10

1.09

1.26

1.24

1.09

1.16

1.08

1.05

0.98

1.23

1.11

1.11

1.16

1.06

1.22

1.32

1.38

1.37

1.49

1.20

1.43

1.22

1.32

1.34

1.36

1.33

1.65

1.31

1.24

1.32

1.17

1.18

1.15

1.05

0.95

0.82

0.88

0.91

0.83

0.91

0.93

0.97

0.97

0.88

0.80

0.68

0.68

0.82

0.87

0.92

0.99

1.00

0.93

0.97

1.06

0.91

0.84

0.76

0.69

0.80

0.81

0.87

0.76

1.10

1.14

1.27

1.30

1.47

1.43

1.37

1.24

1.18

1.16

1.21

1.24

0.94

0.83

0.87

0.94

0.84

0.77

0.84

0.84

0.85

0.80

0.76

0.67

0.64

0.73

0.77

0.88

0.80

0.84

0.79

0.80

0.68

0.66

0.66

0.64

0.60

0.52

0.49

0.47

0.48

0.47

0.41

0.37

0.40

0.33

0.34

0.35

0.30

0.26

0.26

0.23

0.23

0.22

0.18

0.17

0.21

0.21

0.21

0.23

0.19

0.16

0.13

0.15

0.14

0.12

0.12

0.13

0.14

0.11

0.10

0.10

0.09

0.08

0.08

0.08

0.06

0.06

0.05

4.62

7.16

7.42

8.42

7.96

7.55

8.42

10.05

8.26

9.45

9.09

8.42

10.95

7.82

8.42

8.58

8.42

7.16

8.58

8.26

8.74

9.27

10.26

10.26

9.27

9.09

8.91

9.27

9.45

10.26

9.65

10.71

9.85

9.85

9.85

10.71

10.48

10.48

9.45

9.27

10.48

9.85

8.74

8.91

9.65

9.27

9.09

8.58

8.26

8.42

8.26

10.26

10.26

9.85

9.09

8.26

9.09

9.65

9.09

8.91

8.58

8.58

8.26

9.27

8.42

7.82

6.93

7.29

5.90

6.38

7.16

7.82

8.26

7.68

6.70

7.42

5.99

4.50

9.65

0.00

