0.00

0.00

0.00

0.00

0.00

0.00

0.00

0.01

0.01

0.01

0.02

0.02

0.02

0.03

0.03

0.04

0.04

0.05

0.06

0.07

0.08

0.09

0.10

0.11

0.12

0.14

0.15

0.16

0.18

0.19

0.21

0.23

0.25

0.27

0.29

0.31

0.33

0.36

0.38

0.40

0.42

0.44

0.47

0.49

0.52

0.54

0.57

0.59

0.62

0.64

0.67

0.70

0.72

0.75

0.77

0.81

0.84

0.86

0.89

0.91

0.93

0.96

0.99

1.02

1.05

1.06

1.08

1.11

1.15

1.18

1.21

1.23

1.25

1.26

1.29

1.33

1.36

1.41

1.42

1.42

1.44

1.49

1.54

1.59

1.62

1.62

1.64

1.69

1.74

1.80

1.80

1.82

1.83

1.86

1.90

1.93

1.95

2.01

2.01

2.02

2.08

2.16

2.14

2.20

2.25

2.27

2.27

2.31

2.31

2.31

2.33

2.33

2.40

2.53

2.53

2.55

2.55

2.55

2.55

2.58

2.58

2.58

2.58

2.63

2.69

2.75

2.80

2.83

2.83

2.89

2.93

2.96

2.93

2.96

2.96

3.02

3.06

3.09

3.09

3.13

3.13

3.13

3.20

3.27

3.27

3.31

3.35

3.31

3.27

3.27

3.23

3.42

3.55

3.63

3.72

3.67

3.67

3.63

3.59

3.46

3.46

3.38

3.63

3.67

3.59

3.63

3.50

3.42

3.55

3.67

3.67

3.86

3.67

3.67

3.55

3.67

3.67

3.77

3.81

3.91

4.21

4.44

4.21

4.11

4.32

4.50

4.38

3.96

3.91

3.91

3.91

3.67

3.91

3.86

4.11

4.00

4.11

4.11

4.06

4.06

3.72

4.44

4.32

4.50

5.16

5.09

5.39

5.64

5.64

5.64

5.72

5.47

5.24

5.99

5.90

5.99

5.81

5.90

5.72

5.90

5.72

5.90

6.28

6.28

6.59

5.81

5.09

5.99

5.47

5.64

5.72

6.18

6.18

6.28

5.99

5.81

5.64

5.55

6.09

6.09

6.38

5.90

6.48

6.18

6.38

5.72

3.77

6.38

5.31

5.47

4.16

4.27

6.28

4.68

4.16

4.50

3.67

3.72

5.81

5.99

5.64

6.48

6.70

5.47

5.39

5.31

4.21

4.56

4.62

4.38

4.50

6.70

4.50

4.81

6.28

6.81

6.93

6.93

7.16

7.16

7.16

7.04

6.93

7.16

7.42

8.26

7.42

10.26

10.48

10.05

9.09

8.58

6.48

8.74

8.58

8.42

8.74

8.74

9.27

6.70

5.31

5.02

5.55

8.42

5.55

5.24

6.81

5.99

6.09

4.38

5.24

6.09

6.09

5.47

5.64

5.72

5.39

5.39

5.39

5.81

6.09

5.72

5.64

5.72

5.81

5.64

5.72

5.81

5.72

5.81

5.99

6.48

6.38

6.09

6.18

6.18

5.81

5.55

5.81

5.81

6.38

7.55

7.16

8.91

8.91

8.58

8.58

9.09

8.74

7.42

8.91

7.42

6.38

5.55

5.90

5.99

5.90

6.28

5.81

5.31

4.88

5.39

5.72

5.72

6.18

6.59

6.70

7.04

7.29

7.16

7.42

7.29

7.04

6.38

6.48

6.28

6.18

6.48

6.59

6.59

6.81

7.04

6.93

7.16

7.42

8.42

7.68

7.55

7.82

7.96

7.55

7.04

7.04

7.04

7.04

7.16

7.68

7.55

7.16

7.04

7.16

7.16

7.55

8.11

8.26

7.96

7.82

7.16

7.16

9.27

7.04

7.29

7.04

7.16

8.11

9.45

7.42

9.09

7.55

7.42

7.29

6.48

6.81

6.59

6.18

6.18

6.38

8.11

6.48

7.29

6.93

6.59

6.48

6.28

6.38

6.59

6.48

6.59

6.70

6.81

7.04

7.04

6.93

6.81

6.18

5.81

5.55

5.47

5.47

5.47

5.64

5.90

6.09

6.18

6.18

6.09

6.09

6.09

6.09

5.99

6.09

5.99

5.99

5.81

5.72

5.64

5.55

5.47

5.39

5.24

5.09

5.02

4.88

4.75

4.68

4.68

4.62

4.68

4.68

4.68

4.75

4.75

4.75

4.68

4.68

4.68

4.62

4.62

4.56

4.44

4.38

4.32

4.27

4.27

4.27

4.27

4.32

4.44

4.56

4.68

4.75

4.75

4.62

4.50

4.38

4.32

4.27

4.27

4.27

4.27

4.27

4.32

4.32

4.27

4.16

4.11

4.11

4.11

4.06

4.00

3.91

3.81

3.81

3.81

3.72

3.67

3.67

3.67

3.67

3.67

3.67

3.63

3.72

3.81

3.77

3.63

3.59

3.59

3.63

3.59

3.55

3.46

3.31

3.06

2.80

2.61

2.40

2.25

2.10

1.99

1.97

1.99

1.99

1.97

2.01

2.06

2.22

2.53

2.75

2.89

2.63

2.66

2.72

2.63

2.53

2.53

2.50

2.50

2.48

2.50

2.58

2.58

2.61

2.53

2.38

2.36

2.36

2.38

2.43

2.43

2.43

2.43

2.40

2.36

2.29

2.29

2.31

2.33

2.38

2.40

2.40

2.38

2.40

2.33

2.31

2.29

2.29

2.31

2.31

2.29

2.20

2.12

2.02

1.99

1.97

1.95

1.97

1.97

1.99

1.95

1.90

1.93

1.95

1.93

1.88

1.80

1.66

1.52

1.40

1.38

1.36

1.28

1.18

1.11

1.04

0.97

0.92

0.89

0.87

0.83

0.78

0.73

0.69

0.66

0.65

0.62

0.59

0.56

0.52

0.49

0.45

0.41

0.36

0.31

0.26

0.23

0.21

0.20

0.19

0.18

0.18

0.17

0.17

0.16

0.16

0.16

0.16

0.15

0.14

0.14

0.12

0.11

0.10

0.09

0.08

0.07

0.06

0.05

0.05

0.04

0.03

0.03

0.03

0.02

0.02

0.01

0.01

0.01

0.01

0.01

0.01

0.00

0.00

0.00

0.00

0.00

0.00

0.00

0.00

0.00

0.00

0.00

0.00

0.00

0.00

0.00

0.00

0.00

0.00

0.00

0.00

0.00

0.00

0.00

0.00

0.00

0.00

0.00

0.00

0.00

0.00

0.00

0.00

0.00

0.00

0.00

0.00

0.00

0.00

0.00

0.00

0.00

0.00

0.00

0.00

0.00

0.00

0.00

0.00

0.00

0.00

0.00

0.00

0.00

0.00

0.00

0.00

0.00

0.00

0.00

0.01

