0.00

0.02

0.00

0.00

0.00

0.00

0.01

0.01

0.01

0.02

0.02

0.03

0.03

0.03

0.04

0.05

0.05

0.06

0.07

0.08

0.09

0.10

0.11

0.13

0.14

0.15

0.16

0.18

0.19

0.21

0.23

0.24

0.26

0.28

0.30

0.33

0.35

0.37

0.38

0.41

0.43

0.46

0.48

0.51

0.53

0.56

0.58

0.61

0.64

0.66

0.68

0.71

0.73

0.75

0.77

0.80

0.82

0.84

0.87

0.89

0.92

0.95

0.98

1.01

1.03

1.06

1.09

1.12

1.16

1.18

1.20

1.21

1.23

1.25

1.27

1.30

1.34

1.37

1.41

1.44

1.47

1.49

1.50

1.53

1.57

1.61

1.61

1.64

1.66

1.68

1.69

1.71

1.72

1.75

1.77

1.80

1.83

1.88

1.93

1.93

1.95

1.97

1.99

2.02

2.06

2.08

2.10

2.10

2.06

2.08

2.16

2.18

2.29

2.45

2.50

2.50

2.58

2.77

2.80

2.83

3.02

2.77

2.63

2.55

2.50

2.63

3.16

3.31

3.63

3.72

3.59

3.46

2.99

2.89

3.02

2.96

2.89

2.86

2.86

2.86

2.83

2.72

2.53

2.53

2.63

2.69

2.66

2.72

2.80

2.89

2.99

2.99

3.02

3.09

3.02

2.99

3.02

3.09

3.16

3.20

3.16

3.16

3.16

3.13

3.27

3.38

3.46

3.42

3.35

3.31

3.23

3.31

3.35

3.35

3.35

3.35

3.27

3.20

3.23

3.38

3.42

3.46

3.55

3.63

3.50

3.42

3.46

3.46

3.55

3.55

3.42

3.35

3.31

3.38

3.38

3.20

3.09

3.09

3.16

3.13

3.06

3.13

3.31

3.42

3.72

5.72

5.81

4.21

4.00

5.09

4.56

4.88

5.24

4.06

3.72

3.50

3.55

3.59

3.77

3.67

3.59

3.55

3.91

4.11

4.68

4.88

4.75

4.62

4.81

5.09

5.31

5.31

7.16

7.16

7.04

6.48

6.81

7.16

7.29

7.04

7.16

6.93

6.81

6.09

6.70

6.48

6.28

4.95

6.09

4.88

5.31

5.64

6.28

6.81

7.29

7.29

7.42

7.29

7.16

7.04

7.04

7.16

5.31

7.04

7.04

6.59

6.59

6.38

5.31

4.95

4.88

4.06

4.11

4.21

4.21

4.06

3.91

3.81

6.48

4.06

4.50

4.68

4.56

4.50

4.56

4.50

4.21

4.00

3.96

3.96

4.06

4.27

4.56

4.50

4.11

4.00

4.06

4.11

4.06

4.21

4.68

5.09

4.88

4.68

4.75

5.16

4.32

4.32

4.32

4.44

4.32

4.27

4.62

5.02

4.81

4.95

5.39

5.16

4.81

4.75

4.62

4.62

4.62

4.75

4.95

5.09

5.09

5.24

5.64

5.72

5.31

5.39

5.47

5.64

6.18

5.99

6.48

5.64

5.16

5.02

5.39

5.02

5.09

5.16

5.55

5.47

5.16

5.02

5.02

4.88

4.56

4.44

4.32

4.56

4.81

4.68

4.68

4.81

4.50

4.38

4.21

4.00

3.77

3.77

3.86

4.00

4.00

4.00

4.11

4.16

4.27

4.38

4.62

5.39

5.09

4.38

4.38

4.27

5.02

4.27

4.38

4.81

4.95

5.31

5.64

5.64

5.72

5.90

5.72

5.64

5.72

5.47

5.16

4.95

5.02

5.16

4.95

4.81

4.75

4.81

6.28

7.42

5.47

4.95

5.39

4.81

7.16

6.09

4.75

4.68

4.62

5.31

4.21

3.96

3.91

3.96

4.06

4.21

4.38

4.68

7.16

6.59

6.81

7.16

7.42

7.68

7.96

8.11

8.11

7.96

7.68

7.29

7.29

7.29

7.29

7.55

7.82

7.68

7.82

7.96

7.82

7.68

7.68

7.42

7.16

7.16

7.04

6.70

3.67

3.63

3.86

4.00

4.21

4.38

4.32

4.16

3.91

3.72

3.72

3.67

3.67

3.72

3.67

3.81

4.06

4.27

4.27

4.21

4.11

4.11

4.32

4.50

4.75

4.75

4.56

4.38

4.21

4.00

3.72

3.46

3.35

3.38

3.31

3.13

2.86

2.75

2.89

3.02

3.13

3.20

3.20

3.20

3.23

3.27

3.27

3.16

3.09

3.02

3.02

3.06

3.06

3.09

3.13

3.16

3.20

3.20

3.20

3.16

3.06

3.02

3.02

2.99

2.99

3.02

3.02

2.99

3.09

3.16

3.20

3.16

3.09

2.99

2.89

2.80

2.77

2.69

2.61

2.61

2.58

2.55

2.55

2.53

2.48

2.45

2.43

2.40

2.40

2.40

2.40

2.43

2.45

2.48

2.48

2.50

2.53

2.55

2.66

2.80

3.02

3.16

3.13

2.99

2.83

2.86

2.83

2.83

2.93

3.06

2.99

2.93

2.86

2.63

2.43

2.31

2.27

2.27

2.29

2.31

2.29

2.27

2.27

2.25

2.25

2.22

2.20

2.18

2.16

2.12

2.10

2.08

2.04

2.02

2.02

2.02

2.02

2.01

2.01

1.99

1.99

1.97

1.95

1.92

1.88

1.83

1.77

1.71

1.65

1.58

1.52

1.45

1.41

1.38

1.36

1.35

1.34

1.34

1.33

1.33

1.32

1.32

1.31

1.29

1.27

1.25

1.23

1.21

1.18

1.16

1.13

1.11

1.10

1.08

1.06

1.02

0.99

0.97

0.94

0.91

0.89

0.85

0.83

0.79

0.74

0.71

0.68

0.65

0.61

0.59

0.57

0.54

0.52

0.50

0.47

0.45

0.42

0.40

0.38

0.36

0.34

0.32

0.30

0.28

0.26

0.24

0.22

0.21

0.19

0.17

0.15

0.14

0.12

0.11

0.10

0.08

0.07

0.06

0.05

0.05

0.04

0.03

0.03

0.02

0.02

0.02

0.01

0.01

0.01

0.01

0.01

0.01

0.00

0.00

0.00

0.00

0.00

0.00

0.00

0.00

0.00

0.00

0.00

0.00

0.00

0.00

0.00

0.00

0.00

0.00

0.00

0.00

0.00

0.00

0.00

0.00

0.00

0.00

0.00

0.00

0.00

0.00

0.00

0.00

0.00

0.00

0.00

0.00

0.00

0.00

0.00

0.00

0.00

0.00

0.00

0.00

0.00

0.00

0.00

0.00

0.00

0.00

0.00

0.00

0.00

0.00

0.00

0.00

0.00

0.00

0.00

0.00

0.00

0.00

0.00

0.00

0.00

0.00

0.00

0.00

0.00

0.00

0.00

0.00

0.00

0.00

0.00

0.00

0.00

0.00

0.00

0.00

0.00

0.00

0.00

0.00

0.00

0.00

0.00

0.00

0.00

0.00

0.00

0.00

0.00

0.00

0.00

0.00

0.00

0.00

0.00

0.00

0.00

0.00

0.00

0.00

0.00

0.00

0.00

0.00

0.00

0.00

0.00

0.00

0.00

0.00

0.00

0.00

0.00

0.00

0.00

0.00

0.00

0.00

0.00

0.00

0.00

0.00

0.00

0.00

0.00

0.00

0.00

0.00

0.00

0.00

0.00

0.00

0.00

0.00

0.00

0.00

0.00

0.00

0.00

0.00

0.00

0.00

0.00

0.00

0.00

0.00

0.00

0.00

0.00

0.00

0.00

0.00

0.00

0.00

0.00

0.00

