0.00

0.02

0.00

0.00

0.00

0.00

0.00

0.00

0.00

0.00

0.00

0.00

0.00

0.00

0.00

0.00

0.00

0.00

0.00

0.00

0.00

0.00

0.00

0.00

0.00

0.00

0.00

0.00

0.00

0.00

0.00

0.00

0.00

0.00

0.00

0.00

0.00

0.00

0.00

0.00

0.00

0.00

0.00

0.00

0.00

0.00

0.00

0.00

0.00

0.00

0.00

0.00

0.00

0.00

0.00

0.00

0.00

0.00

0.00

0.01

0.01

0.01

0.01

0.01

0.01

0.01

0.02

0.02

0.02

0.02

0.02

0.02

0.03

0.03

0.03

0.04

0.04

0.05

0.05

0.06

0.06

0.07

0.08

0.09

0.10

0.11

0.12

0.13

0.15

0.16

0.18

0.20

0.22

0.24

0.26

0.28

0.31

0.34

0.38

0.42

0.46

0.50

0.54

0.57

0.60

0.63

0.66

0.69

0.73

0.77

0.81

0.86

0.91

0.95

1.00

1.06

1.10

1.15

1.19

1.22

1.24

1.25

1.25

1.25

1.26

1.28

1.30

1.33

1.36

1.41

1.44

1.48

1.50

1.53

1.54

1.55

1.57

1.58

1.58

1.58

1.58

1.57

1.57

1.57

1.59

1.62

1.65

1.69

1.69

1.74

1.77

1.80

1.85

1.90

1.97

2.04

2.12

2.20

2.29

2.33

2.36

2.38

2.38

2.38

2.38

2.38

2.40

2.45

2.55

2.69

2.77

2.93

3.02

3.13

3.23

3.35

3.46

3.55

3.50

3.46

3.42

3.35

3.20

3.02

2.96

2.86

2.77

2.75

2.69

2.69

2.83

2.93

3.06

3.06

3.20

3.23

3.23

3.20

3.16

2.89

2.72

2.58

2.48

2.38

2.29

2.27

2.29

2.48

2.48

2.40

2.29

2.36

2.36

2.53

2.77

2.93

3.20

3.46

3.96

4.00

4.00

3.91

3.77

3.96

3.81

3.59

3.63

3.91

4.00

4.06

4.11

3.96

3.81

3.63

3.46

3.38

3.38

3.42

3.59

4.06

4.50

4.68

4.56

5.09

4.38

4.32

4.81

4.75

4.21

5.64

5.24

5.90

6.09

5.72

5.81

5.47

5.90

5.64

6.09

5.99

6.81

5.99

6.70

5.90

5.72

4.95

4.95

5.02

5.02

4.88

4.68

4.68

5.02

4.68

5.24

5.24

5.09

7.68

4.68

5.55

4.32

4.21

5.64

6.93

5.99

4.68

4.21

4.06

4.16

4.38

4.44

4.38

4.27

4.27

4.44

4.56

4.50

4.38

4.44

4.75

5.16

5.39

5.31

5.55

5.02

4.75

4.56

4.44

4.44

4.81

5.16

5.31

5.31

5.47

5.72

5.64

5.55

5.24

5.02

4.75

4.56

4.56

4.56

4.56

4.50

4.27

4.06

3.96

4.00

4.06

4.11

4.00

3.96

3.77

3.50

3.23

3.23

3.42

3.50

3.55

3.77

3.91

3.91

4.06

4.16

4.11

4.21

4.16

4.11

4.44

4.68

4.62

4.38

4.44

4.38

4.21

4.11

4.00

3.86

3.81

3.81

3.86

4.00

4.00

4.06

4.11

4.21

4.21

4.16

4.32

4.50

4.62

4.56

4.62

4.81

4.75

4.62

4.50

4.38

3.86

2.86

2.55

2.53

2.50

2.53

2.55

2.50

2.48

2.45

2.43

2.43

2.40

2.40

2.40

2.40

2.40

2.40

2.40

2.43

2.45

2.45

2.50

2.53

2.58

2.63

2.61

2.63

2.66

2.66

2.69

2.69

2.69

2.69

2.72

2.99

3.63

4.44

3.20

3.06

2.83

2.75

6.48

7.16

6.93

6.70

6.38

6.09

6.09

6.70

7.04

7.16

7.29

4.88

4.38

4.11

3.67

3.35

3.20

3.55

3.50

3.06

3.16

3.46

3.67

3.81

3.81

3.91

3.91

3.81

3.77

3.63

3.50

3.38

3.46

3.55

3.55

3.50

3.38

3.38

3.35

3.27

3.13

3.06

3.06

3.02

3.02

3.06

3.20

3.23

3.06

3.06

3.16

3.13

3.06

2.96

2.86

2.72

2.55

2.53

2.53

2.53

2.61

2.61

2.58

2.53

2.61

2.77

2.80

2.66

2.55

2.48

2.40

2.33

2.22

2.27

2.38

2.43

2.45

2.55

2.58

2.36

2.12

2.10

2.14

2.20

2.22

2.20

2.12

2.10

1.99

1.88

1.90

1.95

1.95

1.92

1.92

1.85

1.95

2.04

2.10

2.02

1.99

2.02

2.01

2.04

2.16

2.14

2.12

2.10

2.06

2.06

1.99

1.80

1.77

1.72

1.59

1.58

1.50

1.42

1.38

1.31

1.32

1.36

1.41

1.41

1.38

1.37

1.35

1.33

1.31

1.24

1.17

1.13

1.06

0.98

0.95

0.95

0.97

0.91

0.85

0.84

0.81

0.79

0.76

0.77

0.74

0.71

0.70

0.70

0.68

0.65

0.64

0.63

0.60

0.55

0.52

0.52

0.51

0.51

0.49

0.48

0.47

0.43

0.40

0.38

0.35

0.33

0.34

0.32

0.29

0.26

0.24

0.23

0.22

0.20

0.18

0.16

0.15

0.14

0.12

0.11

0.10

0.10

0.10

0.10

0.09

0.08

0.08

0.07

0.07

0.07

0.07

0.06

0.06

0.06

0.05

0.05

0.04

0.04

0.03

0.03

0.03

0.02

0.02

0.02

0.02

0.01

0.01

0.01

0.01

0.01

0.01

0.01

0.01

0.01

0.01

0.01

0.01

0.01

0.02

0.07

