0.00

0.00

0.01

0.00

0.00

0.00

0.00

0.00

0.00

0.00

0.00

0.00

0.01

0.01

0.01

0.01

0.01

0.01

0.02

0.02

0.02

0.03

0.03

0.04

0.05

0.05

0.06

0.07

0.08

0.09

0.10

0.11

0.12

0.14

0.15

0.16

0.18

0.19

0.21

0.23

0.25

0.26

0.28

0.31

0.33

0.35

0.37

0.39

0.41

0.44

0.46

0.48

0.51

0.53

0.56

0.58

0.60

0.63

0.65

0.68

0.70

0.72

0.74

0.76

0.79

0.81

0.84

0.86

0.88

0.91

0.92

0.95

0.97

0.99

1.02

1.03

1.06

1.08

1.10

1.12

1.15

1.16

1.18

1.21

1.23

1.25

1.27

1.29

1.31

1.32

1.34

1.36

1.37

1.40

1.42

1.43

1.45

1.47

1.48

1.50

1.53

1.69

1.77

1.68

1.62

1.68

1.74

1.92

2.06

2.10

2.12

2.16

2.18

2.16

2.33

2.45

2.58

2.45

2.77

3.06

2.93

3.02

3.35

3.63

3.72

3.81

3.86

3.91

4.00

4.06

4.11

4.16

4.21

4.27

4.32

4.38

4.44

4.50

4.56

4.62

4.68

4.75

4.81

4.81

4.88

4.95

5.02

5.09

5.09

5.16

5.24

5.31

5.31

5.39

5.47

5.55

5.55

5.64

5.72

5.72

5.81

5.90

5.99

5.99

6.09

6.09

6.18

6.28

6.28

6.38

6.38

6.48

6.48

6.59

6.59

6.70

6.70

6.81

6.81

6.81

6.93

7.04

7.04

7.04

7.16

7.16

7.29

7.29

7.29

7.42

7.42

7.55

7.55

7.55

7.68

7.68

7.68

7.82

7.82

7.96

7.96

8.11

8.11

8.11

8.11

8.26

8.26

8.26

8.42

8.42

8.42

8.58

8.58

8.58

8.74

8.74

8.74

8.74

8.91

8.91

8.91

9.09

9.09

9.09

9.09

9.27

9.27

9.27

9.27

9.27

9.45

9.45

9.45

9.45

9.65

9.65

9.65

9.65

9.65

9.85

9.85

9.85

9.85

10.05

10.05

10.05

10.05

10.05

10.05

10.26

10.26

10.26

10.26

10.26

10.48

10.48

10.48

10.48

10.48

10.48

10.48

10.71

10.71

10.71

10.71

10.71

10.71

10.71

10.95

10.95

10.95

10.95

10.95

10.95

11.19

11.19

11.19

11.19

11.19

11.19

11.19

11.19

11.19

11.44

11.44

11.44

11.44

11.44

11.44

11.44

11.44

11.44

11.70

11.70

11.70

11.70

11.70

11.70

11.70

11.70

11.70

11.97

11.97

11.97

11.97

11.97

11.97

11.97

11.97

11.97

11.97

11.97

12.26

12.26

12.26

12.26

12.26

12.26

12.26

12.26

12.26

9.85

6.28

3.31

2.89

3.91

4.50

3.20

2.58

2.55

3.23

3.59

2.80

2.75

2.72

2.77

2.58

2.50

2.86

6.38

5.99

3.02

2.83

2.77

2.89

3.86

4.11

3.59

3.67

3.31

2.89

4.06

4.44

3.81

9.27

12.85

13.50

13.17

13.17

13.17

13.17

13.17

13.17

13.17

13.17

13.17

13.17

13.17

11.70

5.24

9.85

2.75

3.31

3.31

3.86

5.90

6.38

4.88

2.96

2.77

2.61

2.83

3.72

3.20

3.06

3.38

2.53

2.80

3.86

4.44

3.20

3.13

3.31

3.02

3.38

3.16

2.53

2.61

2.80

5.72

3.91

2.99

2.93

2.58

2.80

2.63

2.48

2.48

2.63

5.02

9.45

11.44

13.50

13.50

13.50

13.50

13.50

13.50

13.50

13.50

13.17

13.50

13.17

13.17

13.17

13.17

13.17

13.17

13.17

13.17

13.17

12.85

12.85

12.85

12.85

12.85

12.85

12.85

12.85

12.85

12.85

12.55

12.85

12.85

12.55

12.55

12.55

12.55

12.55

12.55

12.55

12.55

12.55

12.26

12.55

12.55

12.26

12.26

12.26

12.26

12.26

12.26

12.26

12.26

11.70

7.82

2.96

2.43

2.45

2.38

2.38

2.38

2.38

2.38

2.38

2.38

2.36

2.36

2.36

2.36

2.36

2.36

2.36

2.36

2.33

2.33

2.33

2.33

2.33

2.33

2.33

2.33

2.33

2.33

2.33

2.33

2.33

2.33

2.33

2.31

2.31

2.31

2.29

2.29

2.29

2.29

2.27

2.27

2.27

2.27

2.25

2.25

2.25

2.25

2.25

2.25

2.25

2.25

2.25

2.25

2.25

2.25

2.25

2.22

2.22

2.22

2.22

2.22

2.22

2.20

2.20

2.20

2.20

2.18

2.18

2.18

2.18

2.18

2.18

2.18

2.18

2.16

2.16

2.14

2.12

2.10

2.08

2.04

2.04

2.02

2.02

2.01

2.01

2.89

5.55

7.96

9.09

8.91

8.91

8.74

8.74

8.58

8.42

8.42

8.26

8.26

8.11

7.96

7.82

7.82

7.82

7.68

7.55

7.55

7.29

7.04

6.59

5.47

4.38

3.91

4.56

4.88

3.63

2.18

1.75

1.74

1.72

1.71

1.71

1.71

1.69

1.68

1.68

1.68

1.69

1.66

1.64

1.64

1.65

1.61

1.58

1.58

1.57

1.55

1.54

1.53

1.53

1.52

1.50

1.49

1.48

1.47

1.45

1.44

1.43

1.43

1.41

1.40

1.38

1.36

1.34

1.33

1.31

1.29

1.28

1.26

1.24

1.23

1.21

1.19

1.17

1.16

1.14

1.12

1.10

1.08

1.06

1.04

1.02

1.00

0.98

0.96

0.94

0.91

0.89

0.87

0.85

0.83

0.80

0.78

0.75

0.73

0.71

0.68

0.66

0.64

0.61

0.59

0.57

0.54

0.52

0.50

0.47

0.45

0.42

0.40

0.38

0.36

0.33

0.31

0.29

0.27

0.25

0.23

0.21

0.20

0.18

0.17

0.15

0.14

0.12

0.11

0.10

0.09

0.08

0.07

0.06

0.05

0.05

0.04

0.04

0.03

0.03

0.02

0.02

0.02

0.01

0.01

0.01

0.01

0.01

0.00

0.00

0.00

0.00

0.00

0.00

0.00

0.00

0.00

0.00

0.00

0.00

0.00

0.00

0.00

0.00

0.00

0.00

0.00

0.00

0.00

0.00

0.00

0.00

0.00

0.00

0.00

0.00

0.00

0.00

0.00

0.00

0.00

0.00

0.00

0.00

0.00

0.00

0.00

0.00

0.00

0.00

0.00

0.00

0.00

0.00

0.00

0.00

0.00

0.00

0.00

0.00

0.00

0.00

0.00

0.00

0.00

0.00

0.00

0.00

0.00

0.00

0.00

0.00

0.00

0.00

0.00

0.00

0.00

0.00

0.00

0.00

0.00

