0
0
0
0
0
0
0
0
0
0
0
0
0
0
0
0
0
0
0
0
0
0
0
0
0
0
0
0
0
0
0
0
0
0
0
0
0
0
0
0
0
0
0
0
0
0
0
0
0
0
0
0
0
0
0
0
0
0
0
0
0
0
0
0
0
0
0
0
0
0
0
0
0
0
0
0
0
0
0
0
0
0
0
0
0
0
0
0
0
0
0
0
0
0
0
0
0
0
0
0
0
0
0
0
0
0
0
0
0
0
0
0
0
0
0
0
0
0
0
0
0
0
0
0
0
0
0
0
0
0
0
0
0
0
0
0
0
0
0
0
0
0
0
0
0
0
0
0
0
0
0
0
0
0
0
0
0
0
0
0
0
0
0
0
0
0
0
0
0
0
0
0
0
0
0
0
0
0
0
0
0
0
0
0
0
0
0
0
0
0
0
0
0
0
0
0
0
0
0
0
0
0
0
0
0
0
0
0
0
0
0
0
0
0
0
0
0
0
0
0
0
0
0
0
0
0
0
0
0
0
0
0
0
0
0
0
0
0
0
0
0
0
0
0
0
0
0
0
0
0
0
0
0
0
0
0
0
0
0
0
0
0
0
0
0
0
0
0
0
0
0
0
0
0
0
0
0
0
0
0
0
0
0
0
0
0
0
0
0
0
0
0
0
0
0
0
0
0
0
0
0
0
0
0
0
0
0
0
0
0
0
0
0
0
0
0
0
0
0
0
0
0
0
0
0
0
0
0
0
0
0
0
0
0
0
0
0
0
0
0
0
0
0
0
0
0
0
0
0
0
0
0
0
0
0
0
0
0
0
0
0
0
0
0
0
0
0
0
0
0
0
0
0
0
0
0
0
0
0
0
0
0
0
0
0
0
0
0
0
0
0
0
0
0
0
0
0
0
0
0
0
0
0
0
0
0
0
0
0
0
0
0
0
0
0
0
0
0
0
0
0
0
0
0
0
0
0
0
0
0.0152
0.0152
0.0152
0.0152
0.0152
0.0152
0.0304
0.0304
0.0304
0.0456
0.0456
0.0608
0.076
0.0912
0.1064
0.1064
0.1216
0.1368
0.152
0.1672
0.1976
0.2128
0.2128
0.228
0.2432
0.2736
0.2888
0.304
0.3344
0.3648
0.3952
0.4256
0.456
0.4864
0.532
0.5624
0.5928
0.608
0.608
0.5928
0.5928
0.608
0.6384
0.6688
0.684
0.6992
0.7296
0.7752
0.8208
0.8664
0.9576
1.0488
1.1552
1.2008
1.2464
1.2616
1.2616
1.3224
1.3832
1.4592
1.5352
1.6112
1.6568
1.6568
1.7176
1.748
1.7784
1.7936
1.824
1.8392
1.8848
1.9304
1.9912
2.0672
2.1432
2.204
2.1888
2.204
2.204
2.2648
2.3256
2.3864
2.4016
2.4168
2.4624
2.5232
2.5992
2.7056
2.7816
2.8576
2.9184
2.9336
2.9336
2.9184
2.9184
2.9184
2.888
2.9184
2.9184
2.9184
2.9184
2.964
3.0704
3.2224
3.3136
3.3744
3.42
3.4504
3.42
3.344
3.2832
3.2528
3.2832
3.3136
3.344
3.3744
3.42
3.4504
3.4808
3.5112
3.5112
3.5112
3.5872
3.648
3.724
3.7696
3.7696
3.724
3.724
3.6936
3.7696
3.876
3.9976
4.1344
4.2104
4.3016
4.4992
4.5904
4.5904
4.5448
4.4536
4.3472
4.3016
4.3472
4.3928
4.4992
4.5448
4.5904
4.5904
4.6512
4.6968
4.8032
4.9096
5.092
5.1376
5.2592
5.2592
5.2592
5.1984
5.1376
5.0312
5.0312
4.9096
4.9096
4.9096
4.9096
4.9096
4.9704
5.092
5.1376
5.1984
5.1984
5.2592
5.2592
5.32
5.32
5.396
5.396
5.396
5.396
5.396
5.4568
5.4568
5.4568
5.5176
5.5784
5.6544
5.7912
5.8672
5.8672
5.8672
5.9432
6.0192
6.0192
6.0192
6.0192
6.0192
6.0192
6.08
6.0192
6.0192
5.9432
5.9432
5.8672
5.8672
5.9432
6.0192
6.08
6.1712
6.2472
6.2472
6.2472
6.2472
6.2472
6.2472
6.3232
6.3992
6.5664
6.7488
6.84
7.0224
7.1136
7.1136
7.1136
7.22
7.22
7.22
7.22
7.3112
7.3112
7.4176
7.4176
7.4176
7.524
7.524
7.524
7.524
7.524
7.4176
7.4176
7.4176
7.4176
7.3112
7.3112
7.22
7.22
7.22
7.22
7.22
7.1136
7.0224
6.9312
6.84
6.7488
6.6576
6.5664
6.4904
6.3232
6.2472
6.1712
6.1712
6.08
6.0192
5.9432
5.8672
5.7912
5.8672
5.8672
5.8672
5.8672
5.7912
5.7912
5.7912
5.7912
5.7912
5.8672
5.9432
6.0192
6.08
6.1712
6.2472
6.3232
6.3232
6.3232
6.3232
6.3992
6.3992
6.3992
6.3992
6.3992
6.3232
6.3232
6.2472
6.2472
6.2472
6.1712
6.1712
6.1712
6.1712
6.2472
6.2472
6.3232
6.3992
6.4904
6.4904
6.5664
6.6576
6.6576
6.6576
6.6576
6.5664
6.5664
6.6576
6.6576
6.5664
6.4904
6.3992
6.3232
6.2472
6.1712
6.08
6.08
5.9432
5.8672
5.8672
5.8672
5.7912
5.7912
5.7912
5.7912
5.7304
5.7912
5.7304
5.7304
5.6544
5.5784
5.5784
5.6544
5.6544
5.6544
5.7912
5.8672
5.9432
6.08
6.1712
6.1712
6.2472
6.2472
6.3232
6.3992
6.3992
6.4904
6.3992
6.3232
6.1712
6.0192
5.9432
5.8672
5.9432
6.0192
6.0192
6.08
6.1712
6.1712
6.1712
6.0192
5.7912
5.6544
5.5176
5.396
5.2592
5.1376
5.0312
4.864
4.8032
4.8032
4.8032
4.9096
5.0312
5.1376
5.1984
5.2592
5.2592
5.32
5.32
5.32
5.396
5.4568
5.5784
5.5784
5.5784
5.5784
5.4568
5.1984
4.9704
4.7576
4.6512
4.6968
4.8032
4.9704
5.0312
5.1376
5.1984
5.2592
5.2592
5.2592
5.2592
5.2592
5.2592
5.2592
5.2592
5.1984
5.1984
5.1376
5.0312
4.9704
4.864
4.9096
4.9096
4.9096
4.9096
4.9704
5.0312
5.092
5.0312
4.9096
4.8032
4.6968
4.864
4.8032
4.9096
5.1376
5.2592
5.5176
5.7304
5.7912
5.7912
5.7304
5.6544
5.4568
5.396
5.1984
5.0312
5.0312
5.0312
5.0312
5.092
5.1376
5.1984
5.1984
5.1376
5.0312
4.9096
4.7576
4.4992
4.256
4.0432
3.7696
3.648
3.5872
3.4808
3.3744
3.2528
3.1616
3.1008
3.1008
2.9944
2.888
2.7664
2.6448
2.5536
2.4624
2.4016
2.3408
2.28
2.2496
2.204
2.1888
2.1736
2.1584
2.1432
2.128
2.0672
2.0368
2.0064
1.976
1.9456
1.9152
1.9
1.8696
1.8392
1.8088
1.7632
1.748
1.7176
1.672
1.6568
1.6112
1.596
1.5504
1.5352
1.5048
1.4592
1.4288
1.3832
1.3376
1.3072
1.2768
1.2464
1.216
1.1856
1.1552
1.1248
1.0944
1.064
1.0336
1.0032
0.9728
0.9272
0.8968
0.8664
0.836
0.8056
0.76
0.7296
0.6992
0.6536
0.608
0.5776
0.5472
0.5168
0.4864
0.456
0.4256
0.3952
0.3648
0.3344
0.3192
0.2888
0.2584
0.2432
0.228
0.1976
0.1824
0.1672
0.152
0.1368
0.1216
0.1064
0.0912
0.076
0.076
0.0608
0.0456
0.0456
0.0456
0.0304
0.0304
0.0304
0.0152
0.0152
0.0152
0.0152
0.0152
0
0
0
0
0
0
0
0
0
0
0
0
0
0
0
0
0
0
0
0
0
0
0
0
0
0
0
0
0
0
0
0
0
0
0
0
0
0
0
0
0
0
0
0
0
0
0
0
0
0
0
0
0
0
0
0
0
0
0
0
0
0
0
0
0
0
0
0
0
0
0
0
0
0
0
0
0
0
0
0
0
0
0
0
0
0
0
0
0
0
0
0
0
0
0
0
0
0
0
0
0
0
0
0
0
0
0
0
0
0
0
0
0
0
0
0
0
0
0
0
0
0
0
0
0
0
0
0
0
0
0
0
0
0
0
0
0
0
0
0
0
0
0
0
0
0
0
0
0
0
0
0
0
0
0
0
0
0
0
0
0
0
0
0
0
0
0
0
0
0
0
0
0
0
0
0
0
0
0
0
0
0
0
0
0
0
0
0
0
0
0
0
0
0
0
0
0
0
0
0
0
0
0
0
0
0
0
0
0
0
0
0
0
0
0
0
0
0
0
0
0
0
0
0
0
0
0
0
0
0
0
0
0
0
0
0
0
0
0
0
0
0
0
0
0
0
0
0
0
0
0
0
0
0
0
0
0
0
0
0
0
0
0
0
0
0
0
0
0
0
0
0
0
0
0
0
0
0
0
0
0
0
0
0
0
0
0
0
0
0
0
0
0
0
0
0
0
0
0
0
0
0
0
0
0
0
0
0
0
0
0
0
0
0
0
0
0
0
0
0
0
0
0
0
0
0
0
0
0
0
0
0
0
0
0
0
0
0
0
0
0
0
0
0
0
0
0
0
0
0
0
0
0
0
0
0
0
0
0
0
0
0
0
0
0
0
0
0
0
0
0
0
0
0
0
0
0
0
0
0
0
0
0
0
0
0
0
0
0
0
0
0
0
0
0
0
0
0
0
0
0
0
0
0
0
0
0
0
0
0
0
0
0
0
0
0
0
0
0
0
0
0
0
0
0
0
0
0
0
0
0
0
0
0
0
0
0
0
0
0
0
0
0
0
0
0
0
