0
0
0
0
0
0
0
0
0
0
0
0
0
0
0
0
0
0
0
0
0
0
0
0
0
0
0
0
0
0
0
0
0
0
0
0
0
0
0
0
0
0
0
0
0
0
0
0
0
0
0
0
0
0
0
0
0
0
0
0
0
0
0
0
0
0
0
0
0
0
0
0
0
0
0
0
0
0
0
0
0
0
0
0
0
0
0
0
0
0
0
0
0
0
0
0
0
0
0
0
0
0
0
0
0
0
0
0
0
0
0
0
0
0
0
0
0
0
0
0
0
0
0
0
0
0
0
0
0
0
0
0
0
0
0
0
0
0
0
0
0
0
0
0
0
0
0
0
0
0
0
0
0
0
0
0
0
0
0
0
0
0
0
0
0
0
0
0
0
0
0
0
0
0
0
0
0
0
0
0
0
0
0
0
0
0
0
0
0
0
0
0
0
0
0
0
0
0
0
0
0
0
0
0
0
0
0
0
0
0
0
0
0
0
0
0
0
0
0
0
0
0
0
0
0
0
0
0
0
0
0
0
0
0
0
0
0
0
0
0
0
0
0
0
0
0
0
0
0
0
0
0
0
0
0
0
0
0
0
0
0
0
0
0
0
0
0
0
0
0
0
0
0
0
0
0
0
0
0
0
0
0
0
0
0
0
0
0
0
0
0
0
0
0
0
0
0
0
0
0
0
0
0
0
0
0
0
0
0
0
0
0
0
0
0
0
0
0
0
0
0
0
0
0
0
0
0
0
0
0
0
0
0
0
0
0
0
0
0
0
0
0
0
0
0
0
0
0
0
0
0
0
0
0
0
0
0
0
0
0
0
0
0
0
0
0
0
0
0
0
0
0
0
0
0
0
0
0
0
0
0
0
0
0
0
0
0
0
0
0
0
0
0
0
0
0
0
0
0
0
0
0
0
0
0
0
0
0
0
0
0
0
0
0
0
0
0
0
0
0
0
0
0
0
0
0
0
0
0.01
0.01
0.01
0.01
0.01
0.02
0.02
0.02
0.03
0.03
0.04
0.04
0.05
0.06
0.07
0.08
0.09
0.1
0.11
0.12
0.14
0.15
0.17
0.18
0.2
0.22
0.24
0.26
0.28
0.3
0.33
0.35
0.38
0.4
0.42
0.44
0.47
0.51
0.53
0.54
0.57
0.62
0.63
0.68
0.72
0.75
0.79
0.81
0.85
0.88
0.91
0.94
0.97
1
1.03
1.06
1.09
1.11
1.15
1.17
1.18
1.21
1.26
1.28
1.32
1.35
1.38
1.38
1.38
1.38
1.41
1.44
1.47
1.49
1.52
1.54
1.57
1.61
1.62
1.69
1.69
1.69
1.72
1.74
1.75
1.75
1.78
1.82
1.83
1.86
1.92
2.04
2.08
2.14
2.25
2.27
2.25
2.27
2.2
2.14
2.06
2.02
2.01
2.01
1.95
1.82
1.85
1.9
1.99
2.1
2.27
2.48
2.86
3.42
4
4.75
5.24
5.64
5.16
4.81
4.56
4.5
4.5
4.44
4.5
4.62
5.09
5.64
6.09
6.48
6.7
6.81
6.7
6.7
6.18
5.9
5.72
5.47
5.39
5.31
5.39
5.47
5.55
5.81
5.9
6.09
6.09
5.99
5.9
5.99
6.09
5.99
5.81
5.55
5.47
5.47
5.72
6.09
6.59
6.59
6.48
6.38
6.09
5.99
5.9
6.28
6.81
7.29
7.82
7.68
7.42
7.16
6.59
6.28
5.72
4.95
4.27
3.77
3.55
3.27
3.27
3.16
3.16
3.2
3.5
3.42
3.63
3.81
4.16
4.68
5.31
6.18
6.7
6.59
6.81
6.38
5.72
5.55
5.09
4.81
4.75
4.56
4.44
4.56
4.5
4.32
4.32
4.32
4.38
4.75
5.09
5.55
6.18
6.7
7.42
7.96
8.58
8.91
8.91
8.91
9.09
8.91
8.74
8.58
8.11
7.55
6.59
5.99
5.24
4.56
4.27
4.21
3.86
3.55
3.38
3.46
3.46
3.46
3.46
3.42
3.42
3.46
3.46
3.46
3.46
3.42
3.42
3.46
3.46
3.27
3.06
3.27
3.63
3.81
3.91
4
4.06
4.11
4
3.86
4
3.81
3.59
3.67
3.59
3.55
3.59
3.81
3.77
3.91
3.72
4
4.32
4.38
4.38
4.5
4.56
4.95
5.24
5.55
5.64
5.81
5.99
6.18
6.48
6.7
6.81
6.59
6.38
6.28
6.28
6.28
6.09
5.81
5.9
5.9
5.9
5.9
5.9
5.72
5.72
5.81
5.9
5.99
6.18
6.18
6.28
6.28
6.38
6.93
7.29
7.96
9.27
10.05
10.26
10.05
9.65
8.91
8.58
8.91
9.27
9.65
9.45
9.09
8.42
7.96
7.68
7.42
7.42
7.68
8.11
8.42
8.74
9.09
9.45
9.85
10.26
10.48
10.71
10.95
10.95
10.71
10.71
10.48
9.85
9.27
8.74
8.26
7.68
7.42
7.29
7.04
7.04
7.16
7.55
7.82
8.11
8.11
7.96
7.96
7.96
7.82
7.55
7.42
7.42
7.68
7.96
8.11
8.11
7.82
7.29
6.7
5.99
5.47
5.24
5.24
5.31
5.24
5.24
5.47
5.64
5.81
5.64
5.31
5.09
4.88
4.75
4.62
4.5
4.44
4.5
4.62
4.75
4.88
4.95
5.02
5.09
5.09
5.16
5.24
5.31
5.31
5.31
5.31
5.39
5.39
5.47
5.55
5.55
5.64
5.64
5.72
5.64
5.64
5.55
5.64
5.64
5.64
5.64
5.55
5.55
5.47
5.55
5.64
5.72
5.72
5.81
5.9
5.81
5.72
5.64
5.55
5.39
5.31
5.24
5.16
5.09
5.02
5.02
4.95
4.95
4.95
4.88
4.81
4.75
4.75
4.62
4.56
4.5
4.44
4.32
4.27
4.16
4.06
4
3.91
3.81
3.77
3.67
3.63
3.55
3.5
3.42
3.38
3.35
3.27
3.23
3.2
3.16
3.13
3.06
3.02
3.02
2.99
2.96
2.93
2.86
2.83
2.75
2.69
2.63
2.55
2.5
2.43
2.38
2.27
2.2
2.14
2.12
2.08
2.02
1.97
1.92
1.86
1.82
1.78
1.74
1.71
1.66
1.64
1.59
1.57
1.53
1.52
1.48
1.44
1.41
1.38
1.34
1.3
1.26
1.22
1.18
1.14
1.1
1.06
1.02
0.99
0.95
0.91
0.87
0.83
0.79
0.74
0.69
0.65
0.61
0.56
0.52
0.47
0.44
0.4
0.37
0.33
0.31
0.28
0.25
0.23
0.21
0.19
0.17
0.14
0.12
0.1
0.09
0.08
0.07
0.06
0.05
0.05
0.04
0.03
0.03
0.02
0.02
0.02
0.01
0.01
0.01
0.01
0
0
0
0
0
0
0
0
0
0
0
0
0
0
0
0
0
0
0
0
0
0
0
0
0
0
0
0
0
0
0
0
0
0
0
0
0
0
0
0
0
0
0
0
0
0
0
0
0
0
0
0
0
0
0
0
0
0
0
0
0
0
0
0
0
0
0
0
0
0
0
0
0
0
0
0
0
0
0
0
0
0
0
0
0
0
0
0
0
0
0
0
0
0
0
0
0
0
0
0
0
0
0
0
0
0
0
0
0
0
0
0
0
0
0
0
0
0
0
0
0
0
0
0
0
0
0
0
0
0
0
0
0
0
0
0
0
0
0
0
0
0
0
0
0
0
0
0
0
0
0
0
0
0
0
0
0
0
0
0
0
0
0
0
0
0
0
0
0
0
0
0
0
0
0
0
0
0
0
0
0
0
0
0
0
0
0
0
0
0
0
0
0
0
0
0
0
0
0
0
0
0
0
0
0
0
0
0
0
0
0
0
0
0
0
0
0
0
0
0
0
0
0
0
0
0
0
0
0
0
0
0
0
0
0
0
0
0
0
0
0
0
0
0
0
0
0
0
0
0
0
0
0
0
0
0
0
0
0
0
0
0
0
0
0
0
0
0
0
0
0
0
0
0
0
0
0
0
0
0
0
0
0
0
0
0
0
0
0
0
0
0
0
0
0
0
0
0
0
0
0
0
0
0
0
0
0
0
0
0
0
0
0
0
0
0
0
0
0
0
0
0
0
0
0
0
0
0
0
0
0
0
0
0
0
0
0
0
0
0
0
0
0
0
0
0
0
0
0
0
0
0
0
0
0
0
0
0
0
0
0
0
0
0
0
0
0
0
0
0
0
0
0
0
0
0
0
0
0
0
0
0
0
0
0
0
0
0
0
0
0
0
0
0
0
0
0
0
0
0
0
0
0
0
0
0
0
0
0
0
0
0
0
0
0
0
0
0
0
0
0
0
0
0
0
0
0
0
0
0
0
0
0
0
0
0
0
0
0
0
0
0
0
0
0
0
0
0
0
0
0
0
