0
0
0
0
0
0
0
0
0
0
0
0
0
0
0
0
0
0
0
0
0
0
0
0
0
0
0
0
0
0
0
0
0
0
0
0
0
0
0
0
0
0
0
0
0
0
0
0
0
0
0
0
0
0
0
0
0
0
0
0
0
0
0
0
0
0
0
0
0
0
0
0
0
0
0
0
0
0
0
0
0
0
0
0
0
0
0
0
0
0
0
0
0
0
0
0
0
0
0
0
0
0
0
0
0
0
0
0
0
0
0
0
0
0
0
0
0
0
0
0
0
0
0
0
0
0
0
0
0
0
0
0
0
0
0
0
0
0
0
0
0
0
0
0
0
0
0
0
0
0
0
0
0
0
0
0
0
0
0
0
0
0
0
0
0
0
0
0
0
0
0
0
0
0
0
0
0
0
0
0
0
0
0
0
0
0
0
0
0
0
0
0
0
0
0
0
0
0
0
0
0
0
0
0
0
0
0
0
0
0
0
0
0
0
0
0
0
0
0
0
0
0
0
0
0
0
0
0
0
0
0
0
0
0
0
0
0
0
0
0
0
0
0
0
0
0
0
0
0
0
0
0
0
0
0
0
0
0
0
0
0
0
0
0
0
0
0
0
0
0
0
0
0
0
0
0
0
0
0
0
0
0
0
0
0
0
0
0
0
0
0
0
0
0
0
0
0
0
0
0
0
0
0
0
0
0
0
0
0
0
0
0
0
0
0
0
0
0
0
0
0
0
0
0
0
0
0
0
0
0
0
0
0
0
0
0
0
0
0
0
0
0
0
0
0
0
0
0
0
0
0
0
0
0
0
0
0
0
0
0
0
0
0
0
0
0
0
0
0
0
0
0
0
0
0
0
0
0
0
0
0
0
0
0
0
0
0
0
0
0
0
0
0
0
0
0
0
0
0
0
0
0
0
0
0
0
0
0
0
0
0
0
0
0
0
0
0
0
0
0
0
0
0
0
0
0
0
0
0
0
0
0
0
0
0
0
0
0
0
0
0
0.01
0.01
0.01
0.01
0.01
0.01
0.02
0.02
0.02
0.02
0.03
0.03
0.04
0.04
0.05
0.05
0.06
0.07
0.08
0.09
0.1
0.1
0.11
0.13
0.14
0.15
0.16
0.18
0.19
0.2
0.22
0.23
0.25
0.27
0.28
0.3
0.32
0.33
0.35
0.37
0.39
0.4
0.42
0.44
0.46
0.48
0.5
0.52
0.53
0.55
0.57
0.6
0.62
0.64
0.65
0.67
0.68
0.69
0.71
0.73
0.74
0.76
0.78
0.79
0.8
0.83
0.84
0.85
0.86
0.88
0.89
0.91
0.92
0.94
0.95
0.97
0.98
0.99
1
1.02
1.02
1.05
1.06
1.07
1.09
1.09
1.1
1.11
1.12
1.14
1.15
1.16
1.16
1.17
1.18
1.19
1.19
1.2
1.23
1.24
1.25
1.27
1.28
1.28
1.29
1.29
1.31
1.3
1.33
1.34
1.35
1.36
1.36
1.38
1.38
1.41
1.41
1.42
1.42
1.44
1.44
1.47
1.45
1.48
1.49
1.5
1.5
1.52
1.52
1.53
1.54
1.53
1.55
1.58
1.58
1.58
1.61
1.61
1.62
1.64
1.64
1.65
1.65
1.66
1.68
1.69
1.69
1.69
1.71
1.71
1.72
1.72
1.74
1.75
1.75
1.77
1.78
1.8
1.78
1.82
1.8
1.82
1.82
1.82
1.82
1.83
1.83
1.74
1.74
1.59
1.52
1.53
1.65
1.72
1.74
1.75
1.75
1.77
1.75
1.77
1.78
1.82
1.78
1.82
1.82
1.82
1.86
1.86
1.83
1.78
1.82
1.77
1.86
1.71
1.69
1.88
1.88
1.78
1.78
1.75
1.72
1.78
1.68
1.77
1.85
2.16
1.92
1.88
1.92
1.8
1.93
1.93
2.04
1.88
2.01
2.04
2.25
2.31
2.04
2.04
2.08
2.02
2.02
2.22
2.16
1.92
2.1
2.4
2.45
2.69
2.12
2.25
2.06
2.33
3.13
3.81
4.68
4.06
5.81
4.5
3.67
4.5
4.06
3.86
4.16
3.77
3.5
3.42
4.44
3.91
3.13
3.23
2.96
2.31
2.69
2.45
2.43
2.36
2.36
2.61
2.33
2.16
2.22
2.14
2.2
2.25
2.38
2.36
2.12
2.04
2.04
2.04
2.02
2.01
1.99
1.97
2.01
1.97
1.99
2.01
2.01
2.02
2.01
2.06
2.06
2.01
2.01
2.08
2.08
2.04
1.97
2.04
2.04
2.06
2.06
2.1
2.08
2.04
1.97
2.04
2.08
2.36
2.33
2.27
2.48
2.25
2.08
2.14
2.12
2.06
1.99
1.97
1.92
1.93
2.01
2.01
1.93
1.93
1.95
1.93
1.95
1.95
2.01
2.04
2.08
1.99
2.16
2.43
2.31
2.33
2.22
2.22
2.8
2.8
2.22
1.99
1.86
1.97
1.92
1.92
1.93
1.99
2.01
1.95
1.92
1.93
1.9
1.86
1.85
1.83
1.83
1.83
1.82
1.82
1.82
1.83
1.8
1.82
1.82
1.82
1.82
1.78
1.82
1.8
1.78
1.78
1.8
1.72
1.74
1.68
1.69
1.69
1.68
1.66
1.66
1.66
1.66
1.65
1.65
1.65
1.66
1.66
1.68
1.66
1.62
1.65
1.66
1.66
1.65
1.64
1.64
1.65
1.65
1.65
1.66
1.66
1.65
1.62
1.64
1.62
1.62
1.64
1.69
1.74
1.66
1.64
1.68
1.69
1.66
1.68
1.65
1.61
1.58
1.54
1.49
1.49
1.5
1.5
1.53
1.48
1.45
1.44
1.4
1.43
1.43
1.42
1.41
1.4
1.37
1.35
1.34
1.33
1.33
1.31
1.31
1.28
1.23
1.18
1.26
1.29
1.27
1.26
1.25
1.24
1.24
1.25
1.25
1.27
1.3
1.32
1.36
1.4
1.44
1.49
1.54
1.53
1.52
1.52
1.44
1.4
1.38
1.34
1.29
1.3
1.21
1.09
1.02
0.97
0.95
0.93
0.92
0.93
0.94
0.95
0.96
0.99
1.04
1.07
1.06
1.02
0.99
0.95
0.87
0.83
0.75
0.72
0.7
0.69
0.67
0.65
0.62
0.61
0.6
0.58
0.56
0.54
0.52
0.51
0.49
0.47
0.47
0.45
0.43
0.41
0.39
0.38
0.37
0.36
0.36
0.35
0.33
0.3
0.27
0.25
0.24
0.22
0.21
0.19
0.17
0.16
0.15
0.14
0.12
0.11
0.11
0.1
0.09
0.08
0.07
0.06
0.05
0.05
0.04
0.04
0.04
0.03
0.03
0.02
0.02
0.02
0.01
0.01
0.01
0.01
0.01
0.01
0
0
0
0
0
0
0
0
0
0
0
0
0
0
0
0
0
0
0
0
0
0
0
0
0
0
0
0
0
0
0
0
0
0
0
0
0
0
0
0
0
0
0
0
0
0
0
0
0
0
0
0
0
0
0
0
0
0
0
0
0
0
0
0
0
0
0
0
0
0
0
0
0
0
0
0
0
0
0
0
0
0
0
0
0
0
0
0
0
0
0
0
0
0
0
0
0
0
0
0
0
0
0
0
0
0
0
0
0
0
0
0
0
0
0
0
0
0
0
0
0
0
0
0
0
0
0
0
0
0
0
0
0
0
0
0
0
0
0
0
0
0
0
0
0
0
0
0
0
0
0
0
0
0
0
0
0
0
0
0
0
0
0
0
0
0
0
0
0
0
0
0
0
0
0
0
0
0
0
0
0
0
0
0
0
0
0
0
0
0
0
0
0
0
0
0
0
0
0
0
0
0
0
0
0
0
0
0
0
0
0
0
0
0
0
0
0
0
0
0
0
0
0
0
0
0
0
0
0
0
0
0
0
0
0
0
0
0
0
0
0
0
0
0
0
0
0
0
0
0
0
0
0
0
0
0
0
0
0
0
0
0
0
0
0
0
0
0
0
0
0
0
0
0
0
0
0
0
0
0
0
0
0
0
0
0
0
0
0
0
0
0
0
0
0
0
0
0
0
0
0
0
0
0
0
0
0
0
0
0
0
0
0
0
0
0
0
0
0
0
0
0
0
0
0
0
0
0
0
0
0
0
0
0
0
0
0
0
0
0
0
0
0
0
0
0
0
0
0
0
0
0
0
0
0
0
0
0
0
0
0
0
0
0
0
0
0
0
0
0
0
0
0
0
0
0
0
0
0
0
0
0
0
0
0
0
0
0
0
0
0
0
0
0
0
0
0
0
0
0
0
0
0
0
0
0
0
0
0
0
0
0
0
0
0
0
0
0
0
0
0
0
0
0
0
0
0
0
0
0
0
0
0
0
0
0
0
0
0
0
0
0
0
0
0
0
0
0
0
0
0
0
0
