0
0
0
0
0
0
0
0
0
0
0
0
0
0
0
0
0
0
0
0
0
0
0
0
0
0
0
0
0
0
0
0
0
0
0
0
0
0
0
0
0
0
0
0
0
0
0
0
0
0
0
0
0
0
0
0
0
0
0
0
0
0
0
0
0
0
0
0
0
0
0
0
0
0
0
0
0
0
0
0
0
0
0
0
0
0
0
0
0
0
0
0
0
0
0
0
0
0
0
0
0
0
0
0
0
0
0
0
0
0
0
0
0
0
0
0
0
0
0
0
0
0
0
0
0
0
0
0
0
0
0
0
0
0
0
0
0
0
0
0
0
0
0
0
0
0
0
0
0
0
0
0
0
0
0
0
0
0
0
0
0
0
0
0
0
0
0
0
0
0
0
0
0
0
0
0
0
0
0
0
0
0
0
0
0
0
0
0
0
0
0
0
0
0
0
0
0
0
0
0
0
0
0
0
0
0
0
0
0
0
0
0
0
0
0
0
0
0
0
0
0
0
0
0
0
0
0
0
0
0
0
0
0
0
0
0
0
0
0
0
0
0
0
0
0
0
0
0
0
0
0
0
0
0
0
0
0
0
0
0
0
0
0
0
0
0
0
0
0
0
0
0
0
0
0
0
0
0
0
0
0
0
0
0
0
0
0
0
0
0
0
0
0
0
0
0
0
0
0
0
0
0
0
0
0
0
0
0
0
0
0
0
0
0
0
0
0
0
0
0
0
0
0
0
0
0
0
0
0
0
0
0
0
0
0
0
0
0
0
0
0
0
0
0
0
0
0
0
0
0
0
0
0
0
0
0
0
0
0
0
0
0
0
0
0
0
0
0
0
0
0
0
0
0
0
0
0
0
0
0
0
0
0
0
0
0
0
0
0
0
0
0
0
0
0
0
0
0
0
0
0
0
0
0
0
0
0
0
0
0
0
0
0
0
0
0
0
0
0
0
0
0
0
0
0
0
0
0
0
0
0
0
0
0
0
0
0
0
0
0
0
0
0
0
0
0
0.01
0.01
0.01
0.01
0.01
0.01
0.01
0.02
0.02
0.02
0.03
0.03
0.03
0.03
0.04
0.04
0.04
0.05
0.05
0.06
0.06
0.07
0.08
0.09
0.09
0.1
0.11
0.12
0.13
0.14
0.15
0.16
0.17
0.18
0.19
0.2
0.22
0.24
0.26
0.28
0.29
0.31
0.32
0.33
0.35
0.37
0.39
0.39
0.4
0.41
0.42
0.45
0.49
0.55
0.61
0.66
0.68
0.7
0.71
0.72
0.74
0.75
0.75
0.75
0.75
0.75
0.76
0.77
0.8
0.83
0.87
0.91
0.94
0.97
1
1.05
1.08
1.1
1.1
1.09
1.07
1.05
1.02
1.02
1.06
1.11
1.16
1.2
1.23
1.28
1.32
1.37
1.41
1.43
1.45
1.47
1.48
1.49
1.5
1.54
1.59
1.65
1.69
1.71
1.72
1.72
1.72
1.71
1.71
1.72
1.74
1.77
1.78
1.78
1.78
1.8
1.83
1.92
2.01
2.06
2.08
2.08
2.08
2.08
2.06
2.08
2.12
2.2
2.31
2.4
2.5
2.61
2.69
2.72
2.69
2.58
2.5
2.45
2.36
2.29
2.31
2.43
2.55
2.61
2.55
2.45
2.31
2.18
2.08
2.02
2.02
2.06
2.18
2.38
2.66
2.93
3.13
3.35
3.55
3.55
3.42
3.23
3.06
2.89
2.75
2.69
2.75
2.8
2.83
2.83
2.8
2.83
2.83
2.86
2.83
2.8
2.75
2.75
2.69
2.61
2.53
2.5
2.43
2.4
2.43
2.43
2.38
2.33
2.36
2.33
2.33
2.4
2.5
2.61
2.69
2.75
2.77
2.72
2.66
2.66
2.72
2.75
2.69
2.66
2.63
2.58
2.45
2.31
2.25
2.25
2.22
2.22
2.22
2.27
2.33
2.38
2.4
2.4
2.36
2.36
2.36
2.38
2.4
2.38
2.38
2.36
2.31
2.29
2.33
2.38
2.48
2.55
2.58
2.61
2.63
2.61
2.58
2.55
2.58
2.55
2.48
2.36
2.25
2.18
2.16
2.16
2.14
2.1
2.04
2.01
2.01
2.02
2.04
2.1
2.22
2.38
2.48
2.53
2.48
2.5
2.55
2.72
2.89
3.09
3.2
3.27
3.38
3.46
3.46
3.31
3.09
2.86
2.75
2.69
2.69
2.72
2.72
2.72
2.75
2.86
3.02
3.13
3.13
3.06
2.99
2.96
2.96
2.99
2.96
2.89
2.8
2.72
2.55
2.36
2.2
2.08
1.97
1.88
1.85
1.92
1.99
2.06
2.1
2.12
2.16
2.2
2.16
2.14
2.12
2.08
2.04
2.04
2.04
2.06
2.1
2.1
2.06
2.04
2.12
2.22
2.36
2.55
2.83
3.27
3.42
3.31
3.09
2.99
2.86
2.83
2.75
2.61
2.58
2.58
2.55
2.61
2.86
3.31
3.5
3.42
3.27
3.09
2.93
2.83
2.83
2.77
2.69
2.53
2.38
2.29
2.27
2.27
2.29
2.29
2.27
2.22
2.12
2.02
1.93
1.88
1.85
1.82
1.82
1.8
1.77
1.78
1.8
1.78
1.74
1.69
1.71
1.75
1.77
1.78
1.85
1.92
1.95
1.99
2.01
2.02
2.06
2.1
2.16
2.18
2.2
2.29
2.43
2.55
2.58
2.53
2.53
2.53
2.55
2.55
2.58
2.66
2.69
2.75
2.8
2.8
2.8
2.72
2.58
2.45
2.29
2.14
2.02
1.97
1.95
2.01
2.14
2.4
2.77
3.16
3.5
3.81
4.06
4.32
4.56
4.75
4.62
4.21
3.77
3.5
3.42
3.38
3.13
2.93
2.72
2.58
2.58
2.61
2.63
2.61
2.63
2.63
2.55
2.43
2.29
2.2
2.14
2.01
1.92
1.88
1.95
2.12
2.2
2.01
1.74
1.57
1.5
1.44
1.43
1.45
1.48
1.47
1.37
1.19
1.02
0.92
0.84
0.77
0.71
0.69
0.72
0.72
0.7
0.68
0.67
0.62
0.57
0.52
0.48
0.46
0.44
0.44
0.44
0.44
0.45
0.47
0.5
0.52
0.51
0.52
0.5
0.5
0.48
0.44
0.41
0.38
0.35
0.34
0.33
0.32
0.33
0.31
0.3
0.31
0.29
0.28
0.27
0.27
0.25
0.23
0.2
0.18
0.17
0.16
0.15
0.14
0.12
0.11
0.1
0.09
0.08
0.08
0.08
0.08
0.08
0.07
0.07
0.07
0.07
0.06
0.06
0.06
0.05
0.05
0.04
0.04
0.03
0.03
0.02
0.02
0.02
0.01
0.01
0.01
0.01
0.01
0.01
0.01
0
0
0
0
0
0
0
0
0
0
0
0
0
0
0
0
0
0
0
0
0
0
0
0
0
0
0
0
0
0
0
0
0
0
0
0
0
0
0
0
0
0
0
0
0
0
0
0
0
0
0
0
0
0
0
0
0
0
0
0
0
0
0
0
0
0
0
0
0
0
0
0
0
0
0
0
0
0
0
0
0
0
0
0
0
0
0
0
0
0
0
0
0
0
0
0
0
0
0
0
0
0
0
0
0
0
0
0
0
0
0
0
0
0
0
0
0
0
0
0
0
0
0
0
0
0
0
0
0
0
0
0
0
0
0
0
0
0
0
0
0
0
0
0
0
0
0
0
0
0
0
0
0
0
0
0
0
0
0
0
0
0
0
0
0
0
0
0
0
0
0
0
0
0
0
0
0
0
0
0
0
0
0
0
0
0
0
0
0
0
0
0
0
0
0
0
0
0
0
0
0
0
0
0
0
0
0
0
0
0
0
0
0
0
0
0
0
0
0
0
0
0
0
0
0
0
0
0
0
0
0
0
0
0
0
0
0
0
0
0
0
0
0
0
0
0
0
0
0
0
0
0
0
0
0
0
0
0
0
0
0
0
0
0
0
0
0
0
0
0
0
0
0
0
0
0
0
0
0
0
0
0
0
0
0
0
0
0
0
0
0
0
0
0
0
0
0
0
0
0
0
0
0
0
0
0
0
0
0
0
0
0
0
0
0
0
0
0
0
0
0
0
0
0
0
0
0
0
0
0
0
0
0
0
0
0
0
0
0
0
0
0
0
0
0
0
0
0
0
0
0
0
0
0
0
0
0
0
0
0
0
0
0
0
0
0
0
0
0
0
0
0
0
0
0
0
0
0
0
0
0
0
0
0
0
0
0
0
0
0
0
0
0
0
0
0
0
0
0
0
0
0
0
0
0
0
0
0
0
0
0
0
0
0
0
0
0
0
0
0
0
0
0
0
0
0
0
0
0
0
0
0
0
0
0
0
0
0
0
0
0
0
0
0
0
0
0
0
0
0
0
0
