0
0
0
0
0
0
0
0
0
0
0
0
0
0
0
0
0
0
0
0
0
0
0
0
0
0
0
0
0
0
0
0
0
0
0
0
0
0
0
0
0
0
0
0
0
0
0
0
0
0
0
0
0
0
0
0
0
0
0
0
0
0
0
0
0
0
0
0
0
0
0
0
0
0
0
0
0
0
0
0
0
0
0
0
0
0
0
0
0
0
0
0
0
0
0
0
0
0
0
0
0
0
0
0
0
0
0
0
0
0
0
0
0
0
0
0
0
0
0
0
0
0
0
0
0
0
0
0
0
0
0
0
0
0
0
0
0
0
0
0
0
0
0
0
0
0
0
0
0
0
0
0
0
0
0
0
0
0
0
0
0
0
0
0
0
0
0
0
0
0
0
0
0
0
0
0
0
0
0
0
0
0
0
0
0
0
0
0
0
0
0
0
0
0
0
0
0
0
0
0
0
0
0
0
0
0
0
0
0
0
0
0
0
0
0
0
0
0
0
0
0
0
0
0
0
0
0
0
0
0
0
0
0
0
0
0
0
0
0
0
0
0
0
0
0
0
0
0
0
0
0
0
0
0
0
0
0
0
0
0
0
0
0
0
0
0
0
0
0
0
0
0
0
0
0
0
0
0
0
0
0
0
0
0
0
0
0
0
0
0
0
0
0
0
0
0
0
0
0
0
0
0
0
0
0
0
0
0
0
0
0
0
0
0
0
0
0
0
0
0
0
0
0
0
0
0
0
0
0
0
0
0
0
0
0
0
0
0
0
0
0
0
0
0
0
0
0
0
0
0
0
0
0
0
0
0
0
0
0
0
0
0
0
0
0
0
0
0
0
0
0
0
0
0
0
0
0
0
0
0
0
0
0
0
0
0
0
0
0
0
0
0
0
0
0
0
0
0
0
0
0
0
0
0
0
0
0
0
0
0
0
0
0
0
0
0
0
0
0
0
0
0
0
0
0
0
0.01
0.01
0.01
0.01
0.01
0.02
0.02
0.02
0.03
0.04
0.05
0.06
0.06
0.06
0.07
0.09
0.09
0.11
0.12
0.13
0.15
0.15
0.17
0.18
0.2
0.22
0.23
0.22
0.23
0.23
0.23
0.24
0.19
0.28
0.31
0.24
0.2
0.33
0.4
0.42
0.52
0.38
0.37
0.58
0.51
0.47
0.39
0.44
0.35
0.37
0.39
0.51
0.64
0.68
0.62
1.02
1.23
1.32
1.44
0.99
1.1
1.16
1.15
1.27
0.95
0.91
1.23
1.16
1.37
1.85
1.9
1.78
1.97
2.14
2.43
2.02
1.88
1.74
1.42
1.23
1.29
1.04
1.16
1.06
1.06
1
1.32
0.92
1.74
1.88
2.14
1.65
1.78
2.86
2.58
2.4
2.43
2.36
2.63
2.2
2.38
2.1
2.08
1.48
1.72
1.65
2.38
2.14
1.72
1.77
1.57
1.61
1.29
1.36
1.55
1.15
1.45
1.21
1.45
1.44
1.28
1.16
1.45
2.01
2.93
2.22
1.9
2.45
2.01
1.82
1.92
1.72
1.48
1.86
2.45
2.63
2.14
1.78
2.75
2.08
1.83
2.14
3.02
2.29
2.77
2.63
2.4
3.13
3.67
2.4
2.43
3.35
3.81
4.44
4.95
5.72
4.62
4.27
3.72
5.72
5.72
5.99
5.64
5.31
5.72
6.59
8.58
8.42
8.91
9.85
11.19
13.17
10.95
10.26
10.95
10.95
9.85
6.48
5.81
6.81
7.04
6.18
5.64
4.06
3.06
3.06
3.27
3.09
3.16
2.63
1.92
2.4
2.22
2.4
1.9
1.68
2.04
2.45
2.38
1.92
1.86
2.1
2.29
2.18
2.38
3.77
3.55
2.83
2.72
2.58
2.99
3.35
3.02
3.02
2.93
3.81
4.06
3.91
3.06
3.06
3.67
4.5
4.95
4.21
4.16
5.02
4.27
4.44
4.21
3.5
3.2
3.91
3.38
3.23
2.93
3.35
3.77
3.77
3.23
3.23
4.62
4.38
3.55
3.77
3.38
3.13
2.53
3.72
3.96
3.86
5.31
5.47
4.06
3.42
4
5.9
6.28
6.38
7.42
5.55
5.81
6.7
5.72
6.7
8.58
12.26
14.96
13.84
12.26
10.95
9.27
9.45
8.58
7.96
6.09
6.59
6.59
5.47
6.93
5.24
6.59
6.81
7.16
5.99
5.64
4.95
6.7
6.28
5.02
5.09
5.9
12.55
15.78
14.57
14.96
10.71
18.77
18.21
16.22
9.85
8.11
7.55
13.17
12.55
10.48
7.82
8.74
13.84
8.91
7.55
5.31
4.81
3.55
3.02
5.64
6.81
6.7
5.02
3.72
8.26
5.64
5.64
6.09
5.64
7.29
5.55
7.82
12.85
9.09
8.42
7.68
9.85
11.44
14.2
9.65
10.48
9.45
7.68
7.04
4.27
4.06
5.39
6.38
8.91
10.95
11.44
8.74
5.81
4.95
7.04
6.18
6.59
9.85
9.65
8.74
6.7
6.59
5.99
7.96
9.09
7.68
5.31
4.81
5.24
4.38
3.72
4.32
7.29
5.72
7.16
7.55
7.82
7.42
6.93
5.9
4.81
5.16
8.26
7.55
5.55
4.44
3.5
3.09
3.59
4.56
3.63
3.02
3.42
3.23
1.95
2.06
2.96
4
2.96
1.82
1.48
1.62
1.02
1.48
2.83
4
3.55
3.31
2.75
2.66
1.92
1.38
1.33
1.3
1.27
1.36
1.72
2.01
2.02
1.93
2.12
1.58
1.13
1.1
1.36
1.12
1.27
1.32
2.06
2.04
2.25
2.18
2.08
1.95
2.48
2.53
2.48
2.69
3.38
3.38
3.46
3.63
3.67
3.86
4
4.32
4.11
3.81
4
4.11
3.81
3.91
3.86
3.96
3.86
3.77
3.2
3.02
3.06
3.02
3.16
3.23
3.55
3.81
4.38
4.95
4.88
4.11
4
4.21
4.62
4.88
4.21
3.81
4.06
5.9
4.62
3.38
3.16
3.2
3.09
2.83
3.09
3.86
3.81
3.06
2.58
2.45
2.45
2.55
2.38
2.58
2.61
2.75
2.93
2.75
2.55
2.61
2.75
2.69
2.45
2.36
2.63
2.12
2.1
2.14
2.14
2.5
2.48
1.93
1.8
1.86
1.95
1.85
1.82
1.65
1.49
1.45
1.36
1.25
1.14
1.1
1.07
1
0.95
0.91
0.85
0.82
0.78
0.74
0.7
0.66
0.62
0.59
0.56
0.52
0.49
0.47
0.44
0.41
0.38
0.35
0.33
0.3
0.28
0.26
0.23
0.2
0.19
0.17
0.15
0.14
0.13
0.11
0.11
0.09
0.08
0.07
0.06
0.05
0.05
0.04
0.03
0.03
0.02
0.02
0.02
0.01
0.01
0.01
0.01
0.01
0.01
0
0
0
0
0
0
0
0
0
0
0
0
0
0
0
0
0
0
0
0
0
0
0
0
0
0
0
0
0
0
0
0
0
0
0
0
0
0
0
0
0
0
0
0
0
0
0
0
0
0
0
0
0
0
0
0
0
0
0
0
0
0
0
0
0
0
0
0
0
0
0
0
0
0
0
0
0
0
0
0
0
0
0
0
0
0
0
0
0
0
0
0
0
0
0
0
0
0
0
0
0
0
0
0
0
0
0
0
0
0
0
0
0
0
0
0
0
0
0
0
0
0
0
0
0
0
0
0
0
0
0
0
0
0
0
0
0
0
0
0
0
0
0
0
0
0
0
0
0
0
0
0
0
0
0
0
0
0
0
0
0
0
0
0
0
0
0
0
0
0
0
0
0
0
0
0
0
0
0
0
0
0
0
0
0
0
0
0
0
0
0
0
0
0
0
0
0
0
0
0
0
0
0
0
0
0
0
0
0
0
0
0
0
0
0
0
0
0
0
0
0
0
0
0
0
0
0
0
0
0
0
0
0
0
0
0
0
0
0
0
0
0
0
0
0
0
0
0
0
0
0
0
0
0
0
0
0
0
0
0
0
0
0
0
0
0
0
0
0
0
0
0
0
0
0
0
0
0
0
0
0
0
0
0
0
0
0
0
0
0
0
0
0
0
0
0
0
0
0
0
0
0
0
0
0
0
0
0
0
0
0
0
0
0
0
0
0
0
0
0
0
0
0
0
0
0
0
0
0
0
0
0
0
0
0
0
0
0
0
0
0
0
0
0
0
0
0
0
0
0
0
0
0
0
0
0
0
0
0
0
0
0
0
0
0
0
0
0
0
0
0
0
0
0
0
0
0
0
0
0
0
0
0
0
0
0
0
0
0
0
0
0
0
0
0
0
0
0
0
0
0
0
0
0
0
0
0
0
0
0
0
0
0
0
0
0
0
0
0
0
0
0
0
0
0
0
0
0
0
0
0
0
0
0
0
0
0
0
0
0
0
0
0
0
0
0
