0
0
0
0
0
0
0
0
0
0
0
0
0
0
0
0
0
0
0
0
0
0
0
0
0
0
0
0
0
0
0
0
0
0
0
0
0
0
0
0
0
0
0
0
0
0
0
0
0
0
0
0
0
0
0
0
0
0
0
0
0
0
0
0
0
0
0
0
0
0
0
0
0
0
0
0
0
0
0
0
0
0
0
0
0
0
0
0
0
0
0
0
0
0
0
0
0
0
0
0
0
0
0
0
0
0
0
0
0
0
0
0
0
0
0
0
0
0
0
0
0
0
0
0
0
0
0
0
0
0
0
0
0
0
0
0
0
0
0
0
0
0
0
0
0
0
0
0
0
0
0
0
0
0
0
0
0
0
0
0
0
0
0
0
0
0
0
0
0
0
0
0
0
0
0
0
0
0
0
0
0
0
0
0
0
0
0
0
0
0
0
0
0
0
0
0
0
0
0
0
0
0
0
0
0
0
0
0
0
0
0
0
0
0
0
0
0
0
0
0
0
0
0
0
0
0
0
0
0
0
0
0
0
0
0
0
0
0
0
0
0
0
0
0
0
0
0
0
0
0
0
0
0
0
0
0
0
0
0
0
0
0
0
0
0
0
0
0
0
0
0
0
0
0
0
0
0
0
0
0
0
0
0
0
0
0
0
0
0
0
0
0
0
0
0
0
0
0
0
0
0
0
0
0
0
0
0
0
0
0
0
0
0
0
0
0
0
0
0
0
0
0
0
0
0
0
0
0
0
0
0
0
0
0
0
0
0
0
0
0
0
0
0
0
0
0
0
0
0
0
0
0
0
0
0
0
0
0
0
0
0
0
0
0
0
0
0
0
0
0
0
0
0
0
0
0
0
0
0
0
0
0
0
0
0
0
0
0
0
0
0
0
0
0
0
0
0
0
0
0
0
0
0
0
0
0
0
0
0
0
0
0
0
0
0
0
0
0
0
0
0
0
0.018
0.018
0.018
0.018
0.018
0.018
0.036
0.036
0.036
0.054
0.054
0.072
0.072
0.09
0.09
0.108
0.126
0.144
0.162
0.162
0.198
0.216
0.234
0.252
0.27
0.288
0.324
0.342
0.36
0.378
0.414
0.432
0.45
0.486
0.522
0.54
0.576
0.594
0.63
0.666
0.684
0.72
0.738
0.756
0.792
0.828
0.864
0.9
0.918
0.936
0.954
0.972
0.972
1.008
1.026
1.062
1.116
1.152
1.278
1.278
1.26
1.296
1.35
1.368
1.332
1.314
1.278
1.26
1.278
1.242
1.296
1.368
1.458
1.53
1.566
1.566
1.53
1.548
1.458
1.35
1.44
1.404
1.386
1.566
1.512
1.458
1.422
1.44
1.422
1.458
1.512
1.566
1.656
1.8
1.782
1.8
1.98
1.98
2.088
1.908
1.89
1.908
1.908
2.106
2.232
2.214
2.178
2.16
2.178
2.088
2.214
2.232
2.178
2.376
2.232
2.196
2.25
2.214
2.214
2.106
2.16
2.25
2.322
2.304
2.322
2.448
2.592
2.952
3.096
3.132
2.952
3.15
2.916
3.132
3.51
3.042
3.33
2.754
2.844
2.952
2.61
2.646
2.772
2.844
3.042
3.096
3.186
3.348
3.816
3.384
3.276
3.42
3.294
2.97
3.096
3.24
3.132
3.384
3.276
3.456
3.672
3.636
4.194
4.374
4.554
4.464
4.896
4.842
4.986
4.248
4.122
3.78
3.546
3.708
3.582
3.672
3.96
4.158
4.59
4.5
4.248
4.554
4.41
4.896
5.202
5.814
5.958
6.228
6.696
6.858
7.686
7.686
7.488
8.424
8.316
8.1
8.316
8.784
9.846
9.288
11.862
10.152
9.288
10.296
8.91
8.91
9.036
7.884
8.784
9.162
8.208
7.992
6.948
6.948
7.2
7.038
6.858
7.884
8.208
8.784
8.91
9.036
9.288
7.578
7.488
8.91
9.162
8.316
8.424
9.162
9.036
9.432
8.91
8.1
7.992
7.992
7.776
7.488
7.488
7.686
7.488
8.424
8.91
8.658
8.424
8.55
8.1
7.776
8.424
7.398
6.696
6.948
6.3
5.886
5.688
5.562
5.382
5.382
6.606
7.308
7.398
7.686
8.55
8.784
8.55
8.784
7.992
7.686
6.858
6.462
6.534
6.462
6.39
6.03
5.814
6.156
5.814
6.156
6.084
5.688
5.562
5.436
5.958
5.958
6.03
6.696
7.038
7.308
7.308
6.786
6.03
5.814
6.156
6.534
6.3
6.156
5.886
6.084
6.606
6.39
7.488
7.128
6.606
7.128
7.128
7.398
7.776
8.91
9.162
9.99
9.99
9.288
9.558
9.288
9.162
8.91
9.846
9.846
9.846
9.702
9.702
10.458
10.782
10.962
10.962
11.304
11.124
11.304
11.124
10.962
10.962
10.962
10.962
11.304
11.304
11.304
11.484
11.304
10.962
10.782
10.62
10.458
10.296
10.296
10.458
10.782
10.962
11.304
11.124
10.962
10.782
10.62
10.296
10.152
9.846
9.702
9.702
9.846
9.99
10.152
10.296
10.296
10.458
10.458
10.458
10.296
10.296
10.296
10.458
10.296
10.296
10.152
9.99
9.558
9.288
9.162
9.162
9.432
9.558
9.558
9.558
9.288
9.036
8.91
8.658
8.55
8.658
8.91
8.91
8.91
8.91
8.784
8.91
8.91
8.784
8.658
8.424
8.1
7.884
7.776
7.776
7.776
7.884
7.884
7.884
7.776
7.884
7.884
7.992
7.992
7.992
7.776
7.686
7.488
7.308
7.128
6.948
6.858
6.606
6.534
6.39
6.228
6.084
6.084
6.156
6.03
5.958
5.76
5.886
6.156
6.228
6.228
6.156
6.03
5.886
5.814
5.76
5.634
5.562
5.436
5.436
5.436
5.436
5.436
5.274
4.986
4.59
4.158
3.888
3.474
3.132
2.736
2.574
2.484
2.394
2.412
2.484
2.448
2.376
2.268
2.088
2.016
2.25
2.322
2.466
2.664
2.682
2.448
2.34
2.214
2.088
2.304
2.484
2.412
2.304
1.908
1.674
1.386
1.044
1.008
1.134
1.386
1.566
1.674
1.692
1.674
1.638
1.566
1.53
1.35
1.332
1.278
1.224
1.206
1.152
1.098
1.098
1.044
1.008
0.954
0.918
0.9
0.882
0.846
0.792
0.738
0.684
0.63
0.612
0.576
0.54
0.522
0.486
0.45
0.432
0.414
0.378
0.36
0.342
0.306
0.288
0.27
0.252
0.234
0.198
0.18
0.18
0.162
0.144
0.126
0.108
0.108
0.09
0.09
0.072
0.072
0.054
0.054
0.054
0.036
0.036
0.036
0.036
0.018
0.018
0.018
0.018
0.018
0.018
0.018
0.018
0.018
0.018
0
0
0
0
0
0
0
0
0
0
0
0
0
0
0
0
0
0
0
0
0
0
0
0
0
0
0
0
0
0
0
0
0
0
0
0
0
0
0
0
0
0
0
0
0
0
0
0
0
0
0
0
0
0
0
0
0
0
0
0
0
0
0
0
0
0
0
0
0
0
0
0
0
0
0
0
0
0
0
0
0
0
0
0
0
0
0
0
0
0
0
0
0
0
0
0
0
0
0
0
0
0
0
0
0
0
0
0
0
0
0
0
0
0
0
0
0
0
0
0
0
0
0
0
0
0
0
0
0
0
0
0
0
0
0
0
0
0
0
0
0
0
0
0
0
0
0
0
0
0
0
0
0
0
0
0
0
0
0
0
0
0
0
0
0
0
0
0
0
0
0
0
0
0
0
0
0
0
0
0
0
0
0
0
0
0
0
0
0
0
0
0
0
0
0
0
0
0
0
0
0
0
0
0
0
0
0
0
0
0
0
0
0
0
0
0
0
0
0
0
0
0
0
0
0
0
0
0
0
0
0
0
0
0
0
0
0
0
0
0
0
0
0
0
0
0
0
0
0
0
0
0
0
0
0
0
0
0
0
0
0
0
0
0
0
0
0
0
0
0
0
0
0
0
0
0
0
0
0
0
0
0
0
0
0
0
0
0
0
0
0
0
0
0
0
0
0
0
0
0
0
0
0
0
0
0
0
0
0
0
0
0
0
0
0
0
0
0
0
0
0
0
0
0
0
0
0
0
0
0
0
0
0
0
0
0
0
0
0
0
0
0
0
0
0
0
0
0
0
0
0
0
0
0
0
0
0
0
0
0
0
0
0
0
0
0
0
0
0
0
0
0
0
0
0
0
0
0
0
0
0
0
0
0
0
0
0
0
0
0
0
0
0
0
0
0
0
0
0
0
0
0
0
0
0
0
0
0
0
0
0
0
0
0
0
0
0
0
0
0
0
0
0
0
0
0
0
0
0
0
0
0
0
0
0
0
0
0
0
0
0
0
0
0
0
0
0
0
0
0
0
0
0
0
0
0
0
0
0
0
0
0
0
0
0
