0
0
0
0
0
0
0
0
0
0
0
0
0
0
0
0
0
0
0
0
0
0
0
0
0
0
0
0
0
0
0
0
0
0
0
0
0
0
0
0
0
0
0
0
0
0
0
0
0
0
0
0
0
0
0
0
0
0
0
0
0
0
0
0
0
0
0
0
0
0
0
0
0
0
0
0
0
0
0
0
0
0
0
0
0
0
0
0
0
0
0
0
0
0
0
0
0
0
0
0
0
0
0
0
0
0
0
0
0
0
0
0
0
0
0
0
0
0
0
0
0
0
0
0
0
0
0
0
0
0
0
0
0
0
0
0
0
0
0
0
0
0
0
0
0
0
0
0
0
0
0
0
0
0
0
0
0
0
0
0
0
0
0
0
0
0
0
0
0
0
0
0
0
0
0
0
0
0
0
0
0
0
0
0
0
0
0
0
0
0
0
0
0
0
0
0
0
0
0
0
0
0
0
0
0
0
0
0
0
0
0
0
0
0
0
0
0
0
0
0
0
0
0
0
0
0
0
0
0
0
0
0
0
0
0
0
0
0
0
0
0
0
0
0
0
0
0
0
0
0
0
0
0
0
0
0
0
0
0
0
0
0
0
0
0
0
0
0
0
0
0
0
0
0
0
0
0
0
0
0
0
0
0
0
0
0
0
0
0
0
0
0
0
0
0
0
0
0
0
0
0
0
0
0
0
0
0
0
0
0
0
0
0
0
0
0
0
0
0
0
0
0
0
0
0
0
0
0
0
0
0
0
0
0
0
0
0
0
0
0
0
0
0
0
0
0
0
0
0
0
0
0
0
0
0
0
0
0
0
0
0
0
0
0
0
0
0
0
0
0
0
0
0
0
0
0
0
0
0
0
0
0
0
0
0
0
0
0
0
0
0
0
0
0
0
0
0
0
0
0
0
0
0
0
0
0
0
0
0
0
0
0
0
0
0
0
0
0
0
0
0
0
0
0
0
0
0
0
0
0
0
0
0
0
0
0
0
0
0
0
0
0
0
0
0
0
0
0
0
0
0
0
0
0
0
0
0
0
0
0
0
0
0.01
0.01
0.01
0.01
0.01
0.01
0.02
0.02
0.03
0.04
0.05
0.04
0.05
0.05
0.04
0.05
0.05
0.07
0.07
0.1
0.09
0.1
0.12
0.17
0.2
0.2
0.17
0.16
0.21
0.22
0.29
0.33
0.3
0.28
0.33
0.35
0.31
0.36
0.43
0.55
0.57
0.51
0.56
0.65
0.67
0.8
0.88
0.98
1.12
1.14
1.17
1.16
1.21
1.26
1.27
1.33
1.37
1.47
1.53
1.57
1.62
1.64
1.71
1.75
1.86
1.9
1.97
2.1
2.27
2.46
2.56
2.6
2.64
2.6
2.49
2.33
2.36
2.39
2.42
2.49
2.46
2.49
2.49
2.49
2.56
2.64
2.72
2.76
2.76
2.72
2.76
2.84
3.07
3.22
3.17
3.22
3.17
3.17
3.07
2.97
2.93
2.76
2.64
2.8
3.07
3.38
3.44
3.27
3.38
3.32
2.97
2.6
2.64
2.68
2.8
3.12
3.38
3.5
3.17
2.84
3.02
3.07
2.97
2.88
3.12
3.32
3.5
3.68
3.81
3.81
4.18
4.62
5.02
5.12
5.24
5.02
4.52
4.62
4.52
4.91
5.36
5.24
5.48
5.36
5.36
5.48
5.48
5.24
5.12
4.62
4.18
3.96
3.81
4.43
4.52
4.52
4.43
4.43
4.62
4.81
4.91
4.71
4.71
4.62
4.35
3.68
3.81
4.43
5.12
5.24
5.02
5.02
4.52
4.26
4.26
4.18
3.88
3.68
3.81
3.88
4.26
3.96
4.18
5.02
5.24
5.6
5.48
5.36
4.81
4.52
4.18
3.75
3.68
3.68
4.35
4.81
5.87
6.64
8.8
9.08
7.38
6.47
7
6.47
7.38
7.19
7
7
6.47
8.8
10.02
7.59
7.19
6.64
8.28
6.47
8.53
6.47
8.04
8.04
7.59
7.81
9.69
2.68
2.49
2.07
2.39
2.21
2.3
2.21
2.3
2
1.95
2.15
1.95
2.3
2.49
2.76
2.21
2.07
1.86
2.15
2.27
2.1
2.07
2.33
2.27
2.6
2.53
2.84
2.8
2.56
2.76
2.53
2.68
2.49
2.56
2.36
2.49
2.49
2.76
2.84
2.76
3.12
2.84
2.68
2.93
2.84
2.6
2.97
2.56
2.93
2.68
2.72
2.36
2.72
2.8
2.53
2.88
2.3
2.49
2.39
2.64
2.56
2.24
2.49
2.39
1.95
1.92
1.92
2.21
2.15
1.9
2.05
1.95
2
2.24
2.24
2.02
2.1
2.21
2.56
2.21
2.33
2.33
2.24
2.49
2.46
5.99
5.9
5.81
5.72
5.02
4.44
4.27
4.38
4.5
4.5
4.88
4.75
4.95
4.68
4.68
4.81
5.81
5.99
5.02
5.39
4.56
3.67
2.96
3.42
2.61
2.31
2.33
2.2
2.2
1.9
2.22
1.95
2.8
2.16
2.22
2.72
2.93
3.63
3.31
4.06
4.21
3.46
3.63
3.72
3.46
3.13
3.38
3.35
2.69
2.75
3.27
3.35
2.89
3.13
3.2
3.46
2.96
3.02
2.77
3.23
3.2
2.61
2.72
2.66
2.27
2.93
2.86
2.22
2.8
2.93
3.81
3.06
3.59
2.96
3.81
3.96
2.53
2.5
2.36
3.09
2.93
3.31
2.89
2.63
2.61
2.83
3.23
3.09
2.96
3.67
3.09
3.38
3.91
3.59
5.02
3.96
3.81
4.5
4.5
3.67
5.02
5.02
5.16
3.63
4.21
3.72
2.55
3.77
2.99
2.89
2.89
2.89
2.38
2.53
2.01
2.31
2.77
2.48
2.4
2.29
3.09
2.69
2.29
2.04
1.55
1.69
2.06
1.82
1.8
1.86
1.92
2.08
1.93
2.1
2.01
1.68
2.02
1.78
2.14
1.71
1.59
1.88
1.93
1.99
1.83
1.61
1.65
1.78
1.85
1.42
1.55
1.35
1.59
1.41
1.22
1.1
1.31
1.34
1.02
1.17
0.97
0.89
0.73
0.83
0.94
0.86
0.8
0.98
0.74
0.99
0.72
0.64
0.6
0.71
0.61
0.69
0.65
0.67
0.54
0.63
0.61
0.48
0.58
0.57
0.53
0.43
0.49
0.44
0.43
0.4
0.41
0.41
0.36
0.38
0.36
0.28
0.32
0.3
0.24
0.26
0.24
0.17
0.22
0.18
0.2
0.15
0.17
0.14
0.14
0.11
0.11
0.09
0.08
0.08
0.06
0.05
0.06
0.04
0.04
0.04
0.03
0.03
0.03
0.02
0.02
0.02
0.01
0.01
0.01
0.01
0.01
0.01
0.01
0.01
0.01
0.01
0.01
0.01
0.01
0.01
0.01
0.01
0
0
0
0
0
0
0
0
0
0
0
0
0
0
0
0
0
0
0
0
0
0
0
0
0
0
0
0
0
0
0
0
0
0
0
0
0
0
0
0
0
0
0
0
0
0
0
0
0
0
0
0
0
0
0
0
0
0
0
0
0
0
0
0
0
0
0
0
0
0
0
0
0
0
0
0
0
0
0
0
0
0
0
0
0
0
0
0
0
0
0
0
0
0
0
0
0
0
0
0
0
0
0
0
0
0
0
0
0
0
0
0
0
0
0
0
0
0
0
0
0
0
0
0
0
0
0
0
0
0
0
0
0
0
0
0
0
0
0
0
0
0
0
0
0
0
0
0
0
0
0
0
0
0
0
0
0
0
0
0
0
0
0
0
0
0
0
0
0
0
0
0
0
0
0
0
0
0
0
0
0
0
0
0
0
0
0
0
0
0
0
0
0
0
0
0
0
0
0
0
0
0
0
0
0
0
0
0
0
0
0
0
0
0
0
0
0
0
0
0
0
0
0
0
0
0
0
0
0
0
0
0
0
0
0
0
0
0
0
0
0
0
0
0
0
0
0
0
0
0
0
0
0
0
0
0
0
0
0
0
0
0
0
0
0
0
0
0
0
0
0
0
0
0
0
0
0
0
0
0
0
0
0
0
0
0
0
0
0
0
0
0
0
0
0
0
0
0
0
0
0
0
0
0
0
0
0
0
0
0
0
0
0
0
0
0
0
0
0
0
0
0
0
0
0
0
0
0
0
0
0
0
0
0
0
0
0
0
0
0
0
0
0
0
0
0
0
0
0
0
0
0
0
0
0
0
0
0
0
0
0
0
0
0
0
0
0
0
0
0
0
0
0
0
0
0
0
0
0
0
0
0
0
0
0
0
0
0
0
0
0
0
0
0
0
0
0
0
0
0
0
0
0
0
0
0
0
0
0
0
0
0
0
0
0
0
0
0
0
0
0
0
0
0
0
0
0
0
