0
0
0
0
0
0
0
0
0
0
0
0
0
0
0
0
0
0
0
0
0
0
0
0
0
0
0
0
0
0
0
0
0
0
0
0
0
0
0
0
0
0
0
0
0
0
0
0
0
0
0
0
0
0
0
0
0
0
0
0
0
0
0
0
0
0
0
0
0
0
0
0
0
0
0
0
0
0
0
0
0
0
0
0
0
0
0
0
0
0
0
0
0
0
0
0
0
0
0
0
0
0
0
0
0
0
0
0
0
0
0
0
0
0
0
0
0
0
0
0
0
0
0
0
0
0
0
0
0
0
0
0
0
0
0
0
0
0
0
0
0
0
0
0
0
0
0
0
0
0
0
0
0
0
0
0
0
0
0
0
0
0
0
0
0
0
0
0
0
0
0
0
0
0
0
0
0
0
0
0
0
0
0
0
0
0
0
0
0
0
0
0
0
0
0
0
0
0
0
0
0
0
0
0
0
0
0
0
0
0
0
0
0
0
0
0
0
0
0
0
0
0
0
0
0
0
0
0
0
0
0
0
0
0
0
0
0
0
0
0
0
0
0
0
0
0
0
0
0
0
0
0
0
0
0
0
0
0
0
0
0
0
0
0
0
0
0
0
0
0
0
0
0
0
0
0
0
0
0
0
0
0
0
0
0
0
0
0
0
0
0
0
0
0
0
0
0
0
0
0
0
0
0
0
0
0
0
0
0
0
0
0
0
0
0
0
0
0
0
0
0
0
0
0
0
0
0
0
0
0
0
0
0
0
0
0
0
0
0
0
0
0
0
0
0
0
0
0
0
0
0
0
0
0
0
0
0
0
0
0
0
0
0
0
0
0
0
0
0
0
0
0
0
0
0
0
0
0
0
0
0
0
0
0
0
0
0
0
0
0
0
0
0
0
0
0
0
0
0
0
0
0
0
0
0
0
0
0
0
0
0
0
0
0
0
0
0
0
0
0
0
0
0
0
0
0
0
0
0
0
0
0
0
0
0
0
0
0
0
0
0
0
0
0
0
0
0
0
0
0
0
0
0
0
0
0
0
0.012
0.012
0.012
0.012
0.012
0.024
0.024
0.024
0.024
0.036
0.036
0.048
0.048
0.06
0.072
0.084
0.084
0.096
0.108
0.12
0.132
0.156
0.168
0.18
0.204
0.216
0.24
0.252
0.276
0.3
0.312
0.336
0.348
0.372
0.396
0.42
0.468
0.42
0.468
0.492
0.516
0.552
0.576
0.6
0.624
0.648
0.684
0.708
0.732
0.756
0.78
0.804
0.828
0.852
0.876
0.9
0.924
0.948
0.972
0.996
1.008
1.032
1.068
1.104
1.104
1.116
1.14
1.164
1.188
1.212
1.236
1.26
1.272
1.296
1.308
1.32
1.344
1.356
1.38
1.392
1.416
1.44
1.476
1.5
1.5
1.512
1.548
1.572
1.572
1.596
1.644
1.68
1.692
1.692
1.716
1.776
1.8
1.908
2.184
2.412
2.616
3.228
3.672
3.756
3.792
3.876
3.876
3.876
3.972
4.02
4.056
4.056
4.104
4.152
4.152
4.2
4.26
4.26
3.588
2.916
3.552
4.2
4.464
4.464
4.464
4.524
4.524
4.524
4.572
4.524
4.572
4.572
4.572
4.632
4.632
4.572
4.572
4.632
4.692
4.692
4.752
4.8
4.8
4.872
4.872
4.872
4.932
4.932
4.992
4.992
4.992
4.992
4.992
5.052
5.052
5.052
5.124
5.124
5.124
5.124
5.184
5.184
5.184
5.184
5.256
5.184
5.256
5.256
5.256
5.256
5.328
5.328
5.328
5.328
5.328
5.4
5.4
5.4
5.4
5.472
5.472
5.472
5.472
5.544
5.544
5.544
5.616
5.616
5.616
5.616
5.7
5.7
5.772
5.772
5.772
5.856
5.856
5.856
5.94
5.94
6.024
6.024
6.108
6.108
6.108
6.108
6.192
6.288
6.288
6.288
6.288
6.372
6.372
6.372
6.468
6.468
6.468
6.564
6.564
6.564
6.66
6.564
6.66
6.66
6.372
6.372
5.94
4.872
3.264
2.664
2.52
2.472
2.616
3.3
3.84
3.3
2.544
2.568
3.756
3.672
2.616
2.664
3
2.664
2.544
2.472
2.496
2.7
2.772
2.616
2.568
2.856
3.36
2.976
2.412
2.412
2.388
2.364
2.52
2.94
3.792
4.2
3.588
2.664
3.324
4.404
4.2
3.588
3.756
4.464
3.552
2.616
2.472
2.496
2.388
2.568
2.724
2.616
2.448
2.412
2.388
2.412
2.448
2.496
2.496
2.544
3.156
3.708
3.3
2.772
2.496
2.448
2.424
2.412
2.424
2.472
2.64
2.724
2.724
2.724
2.616
2.592
2.664
2.724
2.772
2.88
3.096
3.192
3.228
3.36
3.588
3.756
3.876
3.924
3.84
3.792
3.792
3.84
3.972
4.056
3.84
3.468
3.096
2.88
2.88
3.036
3.096
3.3
3.36
3.324
3.228
3.228
3.264
3.264
3.264
3.192
3.132
3.192
3.156
3.036
2.832
2.772
2.832
2.976
3.132
3.192
3.096
3.132
3.36
3.552
3.624
3.672
3.756
3.756
3.756
3.756
3.84
3.924
4.26
4.572
4.692
4.464
4.056
3.672
3.516
3.3
3.036
2.832
2.592
2.448
2.364
2.34
2.232
2.16
2.088
2.052
2.028
2.016
1.992
1.992
2.016
2.028
2.052
2.064
2.064
2.088
2.1
2.1
2.1
2.1
2.124
2.184
2.22
2.232
2.28
2.388
2.448
2.664
2.796
2.796
2.88
3.036
3.228
3.432
3.624
3.792
3.972
4.02
4.02
3.972
3.876
3.876
3.876
3.924
3.924
3.972
4.02
4.152
4.26
4.308
4.26
4.104
3.876
3.756
3.84
3.972
3.972
3.84
3.552
3.192
2.88
2.664
2.52
2.388
2.28
2.22
2.184
2.16
2.184
2.184
2.196
2.196
2.196
2.16
2.124
2.052
2.016
2.016
1.992
1.968
2.016
2.052
1.944
1.944
1.98
1.992
2.016
2.016
2.016
1.98
1.908
1.86
1.8
1.764
1.728
1.704
1.68
1.656
1.632
1.608
1.584
1.572
1.536
1.512
1.488
1.464
1.44
1.404
1.392
1.368
1.332
1.32
1.284
1.26
1.224
1.188
1.164
1.14
1.116
1.092
1.068
1.032
1.008
0.972
0.948
0.912
0.888
0.864
0.84
0.816
0.78
0.768
0.732
0.708
0.684
0.648
0.624
0.6
0.564
0.528
0.504
0.468
0.444
0.42
0.396
0.372
0.348
0.336
0.312
0.288
0.276
0.252
0.228
0.216
0.192
0.168
0.156
0.144
0.132
0.12
0.108
0.096
0.084
0.072
0.072
0.06
0.048
0.048
0.036
0.036
0.036
0.024
0.024
0.024
0.012
0.012
0.012
0.012
0.012
0.012
0.012
0.012
0.012
0.012
0
0
0
0
0
0
0
0
0
0
0
0
0
0
0
0
0
0
0
0
0
0
0
0
0
0
0
0
0
0
0
0
0
0
0
0
0
0
0
0
0
0
0
0
0
0
0
0
0
0
0
0
0
0
0
0
0
0
0
0
0
0
0
0
0
0
0
0
0
0
0
0
0
0
0
0
0
0
0
0
0
0
0
0
0
0
0
0
0
0
0
0
0
0
0
0
0
0
0
0
0
0
0
0
0
0
0
0
0
0
0
0
0
0
0
0
0
0
0
0
0
0
0
0
0
0
0
0
0
0
0
0
0
0
0
0
0
0
0
0
0
0
0
0
0
0
0
0
0
0
0
0
0
0
0
0
0
0
0
0
0
0
0
0
0
0
0
0
0
0
0
0
0
0
0
0
0
0
0
0
0
0
0
0
0
0
0
0
0
0
0
0
0
0
0
0
0
0
0
0
0
0
0
0
0
0
0
0
0
0
0
0
0
0
0
0
0
0
0
0
0
0
0
0
0
0
0
0
0
0
0
0
0
0
0
0
0
0
0
0
0
0
0
0
0
0
0
0
0
0
0
0
0
0
0
0
0
0
0
0
0
0
0
0
0
0
0
0
0
0
0
0
0
0
0
0
0
0
0
0
0
0
0
0
0
0
0
0
0
0
0
0
0
0
0
0
0
0
0
0
0
0
0
0
0
0
0
0
0
0
0
0
0
0
0
0
0
0
0
0
0
0
0
0
0
0
0
0
0
0
0
0
0
0
0
0
0
0
0
0
0
0
0
0
0
0
0
0
0
0
0
0
0
0
0
0
0
0
0
0
0
0
0
0
0
0
0
0
0
0
0
0
0
0
0
0
0
0
0
0
0
0
0
0
0
0
0
0
0
0
0
0
0
0
0
0
0
0
0
0
0
0
0
0
0
0
0
0
0
0
0
0
0
0
0
0
0
0
0
0
0
0
0
0
0
0
0
0
0
