0
0
0
0
0
0
0
0
0
0
0
0
0
0
0
0
0
0
0
0
0
0
0
0
0
0
0
0
0
0
0
0
0
0
0
0
0
0
0
0
0
0
0
0
0
0
0
0
0
0
0
0
0
0
0
0
0
0
0
0
0
0
0
0
0
0
0
0
0
0
0
0
0
0
0
0
0
0
0
0
0
0
0
0
0
0
0
0
0
0
0
0
0
0
0
0
0
0
0
0
0
0
0
0
0
0
0
0
0
0
0
0
0
0
0
0
0
0
0
0
0
0
0
0
0
0
0
0
0
0
0
0
0
0
0
0
0
0
0
0
0
0
0
0
0
0
0
0
0
0
0
0
0
0
0
0
0
0
0
0
0
0
0
0
0
0
0
0
0
0
0
0
0
0
0
0
0
0
0
0
0
0
0
0
0
0
0
0
0
0
0
0
0
0
0
0
0
0
0
0
0
0
0
0
0
0
0
0
0
0
0
0
0
0
0
0
0
0
0
0
0
0
0
0
0
0
0
0
0
0
0
0
0
0
0
0
0
0
0
0
0
0
0
0
0
0
0
0
0
0
0
0
0
0
0
0
0
0
0
0
0
0
0
0
0
0
0
0
0
0
0
0
0
0
0
0
0
0
0
0
0
0
0
0
0
0
0
0
0
0
0
0
0
0
0
0
0
0
0
0
0
0
0
0
0
0
0
0
0
0
0
0
0
0
0
0
0
0
0
0
0
0
0
0
0
0
0
0
0
0
0
0
0
0
0
0
0
0
0
0
0
0
0
0
0
0
0
0
0
0
0
0
0
0
0
0
0
0
0
0
0
0
0
0
0
0
0
0
0
0
0
0
0
0
0
0
0
0
0
0
0
0
0
0
0
0
0
0
0
0
0
0
0
0
0
0
0
0
0
0
0
0
0
0
0
0
0
0
0
0
0
0
0
0
0
0
0
0
0
0
0
0
0
0
0
0
0
0
0
0
0
0
0
0
0
0
0
0
0
0
0
0
0
0
0
0
0
0
0
0
0
0
0
0
0
0
0
0
0
0
0
0
0
0
0
0
0
0
0
0
0
0
0.0145
0.0145
0.0145
0.0145
0.0145
0.0145
0.0145
0.029
0.029
0.029
0.029
0.029
0.029
0.0435
0.0435
0.0435
0.058
0.058
0.058
0.058
0.058
0.0725
0.0725
0.0725
0.087
0.087
0.1015
0.1015
0.1015
0.116
0.1305
0.1305
0.1305
0.145
0.1595
0.174
0.203
0.2175
0.232
0.261
0.29
0.29
0.3045
0.319
0.319
0.3335
0.348
0.3625
0.3625
0.377
0.377
0.348
0.348
0.3915
0.406
0.4205
0.4495
0.464
0.4785
0.4785
0.4495
0.464
0.4495
0.4785
0.522
0.522
0.5365
0.5365
0.5365
0.522
0.58
0.6235
0.6815
0.725
0.7395
0.725
0.6815
0.667
0.7395
0.8265
0.87
0.928
0.928
0.9425
1.0585
1.1165
1.3195
1.479
1.5515
1.537
1.0585
1.073
1.102
1.1165
1.0875
1.044
1.0295
1.015
1.1745
1.334
1.16
1.1165
1.102
1.1165
1.131
1.1165
1.0875
1.102
1.16
1.1455
1.1165
1.16
1.218
1.276
1.2905
1.2905
1.305
1.276
1.189
1.16
1.2035
1.189
1.276
1.3775
1.305
1.2905
1.3485
1.334
1.334
1.4645
1.5225
1.6095
1.624
1.595
1.479
1.4065
1.421
1.3775
1.3775
1.4935
1.4645
1.4645
1.537
1.5515
1.682
1.682
1.537
1.5515
1.6675
1.8415
2.0445
2.1315
2.146
2.175
2.233
2.3055
2.3925
2.4795
2.4505
2.436
2.378
2.3925
2.3925
2.378
2.3925
2.378
2.291
2.2185
2.233
2.2765
2.233
2.378
2.349
2.2185
2.1025
2.059
2.1605
2.2185
2.175
2.1605
2.1605
2.2475
2.2475
2.175
2.204
2.204
2.1025
1.943
1.8705
1.798
1.711
1.682
1.6095
1.6095
1.5515
1.5225
1.4935
1.5225
1.537
1.5225
1.5225
1.537
1.5805
1.595
1.682
1.6675
1.74
1.7835
1.74
1.682
1.6385
1.711
1.6095
1.566
1.711
1.74
1.827
1.943
2.059
2.146
2.3055
2.581
2.8855
3.132
3.596
4.06
4.147
3.9005
3.596
3.3785
3.103
3.016
3.132
3.103
2.929
3.016
2.987
2.8565
2.6825
2.755
2.7985
2.7985
2.7985
2.958
3.016
3.045
3.045
3.074
3.132
3.3205
3.219
3.103
3.074
3.103
3.2625
3.161
3.103
3.3205
3.422
3.2915
3.161
3.016
2.958
2.958
3.103
3.016
2.8275
2.8275
3.016
3.48
4.1035
4.06
4.0165
3.9005
3.857
4.379
5.075
5.075
5.394
5.742
5.5245
5.2635
5.5245
5.6695
5.1475
4.64
4.6835
4.1035
3.7845
3.9005
4.1905
4.64
4.901
4.7995
4.64
4.6835
4.6835
4.5385
4.582
4.437
4.1035
4.2485
4.292
4.5385
3.9875
3.48
3.944
3.944
3.596
3.48
3.422
3.2915
3.161
3.219
3.5525
3.6975
3.3205
3.045
2.6825
2.407
2.523
2.929
3.103
3.2915
2.7985
2.436
3.074
3.6975
3.625
3.857
3.9005
3.48
3.5525
3.5235
3.132
3.161
2.697
3.103
3.2915
3.625
3.5235
3.103
3.074
3.016
3.2915
3.3785
3.3785
3.2625
3.3785
3.451
3.3495
3.2625
3.219
3.219
3.19
3.3205
3.5235
3.19
3.3785
3.3785
3.944
4.8575
5.1475
5.2055
5.5245
5.1475
5.017
5.017
4.959
4.5385
4.959
5.075
4.901
4.6835
4.7415
4.901
5.017
4.4805
4.2485
4.1905
4.437
4.7415
4.959
5.2055
5.075
5.1475
4.959
4.8575
4.3355
4.437
4.6835
4.582
4.4805
4.5385
4.64
4.64
4.5385
4.5385
4.582
4.582
4.1905
3.7845
3.5235
3.2915
2.9145
2.726
2.581
2.4505
2.639
2.697
2.4795
2.088
1.8415
1.885
1.8415
1.7835
1.827
1.972
2.088
1.856
1.7835
1.711
1.4645
1.3195
1.189
1.073
0.957
0.8845
0.812
0.783
0.725
0.8265
0.6815
0.6235
0.58
0.5365
0.4785
0.522
0.7685
0.9135
0.87
0.7395
0.6525
0.725
0.87
0.6525
0.6815
0.696
0.638
0.5945
0.638
0.6525
0.6525
0.5945
0.551
0.4495
0.493
0.638
0.8555
1.0005
1.044
0.957
0.957
0.957
0.812
0.754
0.754
0.8265
0.754
0.5945
0.5655
0.551
0.551
0.638
0.609
0.5655
0.4785
0.464
0.406
0.4205
0.377
0.377
0.377
0.3335
0.2755
0.2465
0.2175
0.203
0.1885
0.203
0.1885
0.1595
0.1305
0.116
0.116
0.1015
0.087
0.0725
0.058
0.0435
0.0435
0.058
0.0435
0.0435
0.029
0.029
0.029
0.029
0.029
0.029
0.029
0.0145
0.0145
0.0145
0.0145
0.0145
0.0145
0
0
0
0
0
0
0
0
0
0
0
0
0
0
0
0
0
0
0
0
0
0
0
0
0
0
0
0
0
0
0
0
0
0
0
0
0
0
0
0
0
0
0
0
0
0
0
0
0
0
0
0
0
0
0
0
0
0
0
0
0
0
0
0
0
0
0
0
0
0
0
0
0
0
0
0
0
0
0
0
0
0
0
0
0
0
0
0
0
0
0
0
0
0
0
0
0
0
0
0
0
0
0
0
0
0
0
0
0
0
0
0
0
0
0
0
0
0
0
0
0
0
0
0
0
0
0
0
0
0
0
0
0
0
0
0
0
0
0
0
0
0
0
0
0
0
0
0
0
0
0
0
0
0
0
0
0
0
0
0
0
0
0
0
0
0
0
0
0
0
0
0
0
0
0
0
0
0
0
0
0
0
0
0
0
0
0
0
0
0
0
0
0
0
0
0
0
0
0
0
0
0
0
0
0
0
0
0
0
0
0
0
0
0
0
0
0
0
0
0
0
0
0
0
0
0
0
0
0
0
0
0
0
0
0
0
0
0
0
0
0
0
0
0
0
0
0
0
0
0
0
0
0
0
0
0
0
0
0
0
0
0
0
0
0
0
0
0
0
0
0
0
0
0
0
0
0
0
0
0
0
0
0
0
0
0
0
0
0
0
0
0
0
0
0
0
0
0
0
0
0
0
0
0
0
0
0
0
0
0
0
0
0
0
0
0
0
0
0
0
0
0
0
0
0
0
0
0
0
0
0
0
0
0
0
0
0
0
0
0
0
0
0
0
0
0
0
0
0
0
0
0
0
0
0
0
0
0
0
0
0
0
0
0
0
0
0
0
0
0
0
0
0
0
0
0
0
0
0
0
0
0
0
0
0
0
0
0
0
0
0
0
0
0
0
0
0
0
0
0
0
0
0
0
0
0
0
0
0
0
0
0
0
0
0
0
0
0
0
0
0
0
0
0
0
0
0
0
0
0
0
0
0
0
0
0
0
0
0
0
0
0
0
0
0
0
0
0
0
0
0
