0
0
0
0
0
0
0
0
0
0
0
0
0
0
0
0
0
0
0
0
0
0
0
0
0
0
0
0
0
0
0
0
0
0
0
0
0
0
0
0
0
0
0
0
0
0
0
0
0
0
0
0
0
0
0
0
0
0
0
0
0
0
0
0
0
0
0
0
0
0
0
0
0
0
0
0
0
0
0
0
0
0
0
0
0
0
0
0
0
0
0
0
0
0
0
0
0
0
0
0
0
0
0
0
0
0
0
0
0
0
0
0
0
0
0
0
0
0
0
0
0
0
0
0
0
0
0
0
0
0
0
0
0
0
0
0
0
0
0
0
0
0
0
0
0
0
0
0
0
0
0
0
0
0
0
0
0
0
0
0
0
0
0
0
0
0
0
0
0
0
0
0
0
0
0
0
0
0
0
0
0
0
0
0
0
0
0
0
0
0
0
0
0
0
0
0
0
0
0
0
0
0
0
0
0
0
0
0
0
0
0
0
0
0
0
0
0
0
0
0
0
0
0
0
0
0
0
0
0
0
0
0
0
0
0
0
0
0
0
0
0
0
0
0
0
0
0
0
0
0
0
0
0
0
0
0
0
0
0
0
0
0
0
0
0
0
0
0
0
0
0
0
0
0
0
0
0
0
0
0
0
0
0
0
0
0
0
0
0
0
0
0
0
0
0
0
0
0
0
0
0
0
0
0
0
0
0
0
0
0
0
0
0
0
0
0
0
0
0
0
0
0
0
0
0
0
0
0
0
0
0
0
0
0
0
0
0
0
0
0
0
0
0
0
0
0
0
0
0
0
0
0
0
0
0
0
0
0
0
0
0
0
0
0
0
0
0
0
0
0
0
0
0
0
0
0
0
0
0
0
0
0
0
0
0
0
0
0
0
0
0
0
0
0
0
0
0
0
0
0
0
0
0
0
0
0
0
0
0
0
0
0
0
0
0
0
0
0
0
0
0
0
0
0
0
0
0
0
0
0
0.01
0.01
0.01
0.01
0.01
0.01
0.02
0.01
0.02
0.03
0.03
0.04
0.04
0.06
0.08
0.1
0.12
0.13
0.15
0.16
0.18
0.2
0.22
0.24
0.26
0.29
0.32
0.34
0.36
0.38
0.4
0.42
0.44
0.47
0.5
0.53
0.56
0.59
0.63
0.68
0.73
0.73
0.75
0.76
0.79
0.83
0.83
0.85
0.87
0.89
0.91
0.99
1.12
1.27
1.35
1.3
1.3
1.34
1.41
1.38
1.33
1.35
1.3
1.33
1.32
1.3
1.29
1.31
1.32
1.32
1.34
1.36
1.35
1.36
1.37
1.37
1.4
1.41
1.42
1.44
1.49
1.5
1.52
1.54
1.58
1.61
1.62
1.62
1.71
1.72
1.8
1.86
1.92
1.9
1.95
1.97
1.99
2.01
2.02
2.04
2.04
2.08
2.06
2.1
2.1
2.1
2.12
2.14
2.14
2.16
2.2
2.2
2.22
2.2
2.25
2.27
2.31
2.31
2.36
2.29
2.36
2.31
2.36
2.4
2.38
2.38
2.4
2.36
2.4
2.45
2.45
2.48
2.48
2.5
2.53
2.53
2.53
2.55
2.58
2.55
2.61
2.61
2.63
2.58
2.66
2.63
2.66
2.69
2.66
2.61
2.66
2.72
2.72
2.66
2.75
2.77
2.75
2.72
2.8
2.8
2.83
2.83
2.89
2.89
2.83
2.83
2.89
2.96
2.93
2.93
2.93
2.96
2.96
2.93
2.99
3.02
3.02
2.93
3.02
3.06
3.06
3.02
3.09
3.09
3.16
3.2
3.55
3.77
4
4.16
4.56
4.32
4.06
3.59
3.27
3.13
3.06
3.06
3.09
3.09
3.09
3.06
3.06
3.09
3.13
3.13
3.13
3.16
3.13
3.13
3.13
3.06
3.13
3.16
3.06
3.16
3.16
3.16
3.2
3.2
3.09
3.2
3.23
3.2
3.23
3.2
3.16
3.23
3.23
3.23
3.27
3.23
3.27
3.31
3.31
3.31
3.27
3.27
3.27
3.2
3.35
3.23
3.31
3.27
3.27
3.31
3.31
3.31
3.23
3.35
3.35
3.38
3.27
3.31
3.38
3.38
3.42
3.31
3.42
3.42
3.46
3.42
3.46
3.5
3.55
3.55
3.5
3.42
3.35
3.5
3.5
3.55
3.55
3.86
3.72
3.55
3.55
3.55
3.55
3.59
3.59
3.55
3.67
3.72
3.63
3.55
3.59
3.72
3.72
3.63
3.77
3.72
3.81
3.96
3.67
3.59
3.63
3.16
3.67
3.63
3.63
3.42
3.59
3.67
3.72
3.81
3.55
3.81
3.5
3.55
3.55
3.59
3.55
3.63
4
4.16
3.72
3.63
3.55
3.72
3.77
3.77
3.67
3.63
3.59
3.72
3.96
4.56
4.06
3.96
4.11
4.11
3.91
3.63
3.42
4.11
4.44
4.44
4.21
4.38
4.44
4.56
5.47
6.7
7.42
6.7
5.39
4.88
4.56
4.5
4.06
3.42
4.16
4.5
4.44
4.44
4.16
4.16
4.06
4.11
4.21
4.38
4.44
4.88
4.95
5.47
6.09
5.64
4.56
3.96
3.59
3.63
3.67
3.67
3.96
3.81
3.59
3.55
3.55
3.5
3.5
3.55
3.59
3.96
4.16
3.96
4.11
4.38
5.09
5.81
6.28
6.28
5.9
5.9
6.38
5.72
4.75
4.68
4.95
4.75
4.62
4.56
4.27
4.16
4.21
3.67
3.67
4.16
3.96
3.27
3.2
3.35
3.46
3.42
3.42
3.5
3.59
3.35
3.35
3.23
3.23
3.46
3.63
4.21
3.96
3.5
3.38
3.13
2.93
3.13
3.27
3.16
3.16
3.46
3.72
3.59
3.5
3.81
4.16
4.06
3.77
4
4.56
4.44
4.06
3.86
3.96
3.77
3.27
3.2
2.96
2.77
2.75
2.72
2.58
2.58
2.66
2.61
2.69
2.77
2.8
2.69
2.61
2.53
2.53
2.66
2.75
2.55
2.48
2.38
2.33
2.29
2.33
2.22
2.12
1.99
1.93
2.01
2.04
2.02
2.01
1.97
1.9
1.9
1.85
1.74
1.64
1.54
1.47
1.41
1.34
1.24
1.21
1.16
1.14
1.11
1.1
1.1
1.1
1.09
1.12
1.16
1.22
1.24
1.23
1.17
1.09
1.01
1
1
0.99
0.99
0.97
0.94
0.92
0.9
0.87
0.85
0.84
0.81
0.79
0.77
0.75
0.72
0.69
0.66
0.63
0.59
0.54
0.51
0.48
0.46
0.43
0.4
0.37
0.34
0.31
0.28
0.27
0.27
0.26
0.25
0.22
0.2
0.17
0.14
0.12
0.1
0.09
0.08
0.07
0.06
0.05
0.04
0.04
0.03
0.03
0.02
0.02
0.02
0.01
0.01
0.01
0.01
0.01
0
0
0
0
0
0
0
0
0
0
0
0
0
0
0
0
0
0
0
0
0
0
0
0
0
0
0
0
0
0
0
0
0
0
0
0
0
0
0
0
0
0
0
0
0
0
0
0
0
0
0
0
0
0
0
0
0
0
0
0
0
0
0
0
0
0
0
0
0
0
0
0
0
0
0
0
0
0
0
0
0
0
0
0
0
0
0
0
0
0
0
0
0
0
0
0
0
0
0
0
0
0
0
0
0
0
0
0
0
0
0
0
0
0
0
0
0
0
0
0
0
0
0
0
0
0
0
0
0
0
0
0
0
0
0
0
0
0
0
0
0
0
0
0
0
0
0
0
0
0
0
0
0
0
0
0
0
0
0
0
0
0
0
0
0
0
0
0
0
0
0
0
0
0
0
0
0
0
0
0
0
0
0
0
0
0
0
0
0
0
0
0
0
0
0
0
0
0
0
0
0
0
0
0
0
0
0
0
0
0
0
0
0
0
0
0
0
0
0
0
0
0
0
0
0
0
0
0
0
0
0
0
0
0
0
0
0
0
0
0
0
0
0
0
0
0
0
0
0
0
0
0
0
0
0
0
0
0
0
0
0
0
0
0
0
0
0
0
0
0
0
0
0
0
0
0
0
0
0
0
0
0
0
0
0
0
0
0
0
0
0
0
0
0
0
0
0
0
0
0
0
0
0
0
0
0
0
0
0
0
0
0
0
0
0
0
0
0
0
0
0
0
0
0
0
0
0
0
0
0
0
0
0
0
0
0
0
0
0
0
0
0
0
0
0
0
0
0
0
0
0
0
0
0
0
0
0
0
0
0
0
0
0
0
0
0
0
0
0
0
0
0
0
0
0
0
0
0
0
0
0
0
0
0
0
0
0
0
0
0
0
0
0
0
0
0
0
0
0
0
0
0
0
0
0
0
0
0
0
0
0
0
0
0
0
0
0
0
0
0
0
0
0
0
0
0
0
0
0
0
0
0
0
0
0
0
0
0
0
0
0
0
0
0
0
