0
0
0
0
0
0
0
0
0
0
0
0
0
0
0
0
0
0
0
0
0
0
0
0
0
0
0
0
0
0
0
0
0
0
0
0
0
0
0
0
0
0
0
0
0
0
0
0
0
0
0
0
0
0
0
0
0
0
0
0
0
0
0
0
0
0
0
0
0
0
0
0
0
0
0
0
0
0
0
0
0
0
0
0
0
0
0
0
0
0
0
0
0
0
0
0
0
0
0
0
0
0
0
0
0
0
0
0
0
0
0
0
0
0
0
0
0
0
0
0
0
0
0
0
0
0
0
0
0
0
0
0
0
0
0
0
0
0
0
0
0
0
0
0
0
0
0
0
0
0
0
0
0
0
0
0
0
0
0
0
0
0
0
0
0
0
0
0
0
0
0
0
0
0
0
0
0
0
0
0
0
0
0
0
0
0
0
0
0
0
0
0
0
0
0
0
0
0
0
0
0
0
0
0
0
0
0
0
0
0
0
0
0
0
0
0
0
0
0
0
0
0
0
0
0
0
0
0
0
0
0
0
0
0
0
0
0
0
0
0
0
0
0
0
0
0
0
0
0
0
0
0
0
0
0
0
0
0
0
0
0
0
0
0
0
0
0
0
0
0
0
0
0
0
0
0
0
0
0
0
0
0
0
0
0
0
0
0
0
0
0
0
0
0
0
0
0
0
0
0
0
0
0
0
0
0
0
0
0
0
0
0
0
0
0
0
0
0
0
0
0
0
0
0
0
0
0
0
0
0
0
0
0
0
0
0
0
0
0
0
0
0
0
0
0
0
0
0
0
0
0
0
0
0
0
0
0
0
0
0
0
0
0
0
0
0
0
0
0
0
0
0
0
0
0
0
0
0
0
0
0
0
0
0
0
0
0
0
0
0
0
0
0
0
0
0
0
0
0
0
0
0
0
0
0
0
0
0
0
0
0
0
0
0
0
0
0
0
0
0
0
0
0
0
0
0
0
0
0
0
0
0
0
0
0
0
0
0
0
0
0
0
0
0
0
0
0
0
0
0
0
0
0
0
0
0
0
0
0
0.011
0.011
0.011
0.011
0.011
0.011
0.011
0.022
0.022
0.022
0.033
0.033
0.044
0.044
0.055
0.055
0.066
0.066
0.066
0.077
0.077
0.088
0.088
0.099
0.11
0.121
0.121
0.132
0.143
0.154
0.165
0.165
0.187
0.198
0.198
0.22
0.242
0.242
0.242
0.242
0.253
0.264
0.264
0.264
0.275
0.275
0.286
0.33
0.341
0.352
0.407
0.418
0.429
0.418
0.473
0.462
0.462
0.473
0.484
0.517
0.572
0.627
0.671
0.66
0.704
0.704
0.748
0.781
0.759
0.726
0.737
0.737
0.759
0.803
0.825
0.847
0.891
0.946
0.968
1.034
1.045
1.111
1.067
1.045
1.056
1.1
1.133
1.155
1.221
1.463
1.342
1.474
1.639
1.54
1.782
2.31
2.563
2.398
2.75
3.443
3.179
2.926
3.289
3.597
3.685
4.092
3.597
3.52
3.399
2.992
2.959
2.992
2.959
3.289
3.146
2.673
2.442
2.541
3.025
3.52
3.85
3.597
3.322
3.047
2.75
2.563
2.618
2.783
2.926
3.146
3.399
3.52
3.443
3.52
3.476
3.366
3.476
3.597
3.949
3.949
3.641
3.806
3.762
3.52
3.476
3.113
2.75
2.805
2.805
3.113
3.762
4.697
5.082
4.576
5.148
5.764
5.225
4.037
3.597
2.992
2.75
2.673
2.563
2.376
2.354
2.288
2.244
2.288
2.376
2.42
2.475
2.519
2.376
2.332
2.266
2.145
2.002
1.947
2.046
2.035
2.002
1.881
1.848
1.914
2.002
2.123
2.31
2.266
2.222
2.145
2.112
2.189
2.112
2.013
2.068
2.189
2.42
2.695
2.783
2.893
3.113
3.553
4.246
4.521
4.466
4.246
4.356
4.4
4.576
4.576
4.4
4.697
4.95
5.225
5.676
5.841
6.204
7.018
8.602
9.262
8.602
8.448
8.921
9.801
12.309
12.309
12.045
10.395
9.614
7.876
6.49
6.204
5.764
5.368
5.368
5.082
4.631
4.147
3.905
4.092
4.697
5.225
5.368
4.95
4.521
4.246
4.4
4.697
5.291
5.291
5.291
5.445
6.292
8.019
8.756
9.262
9.999
9.614
7.491
7.128
7.491
9.262
11.528
14.135
14.487
13.486
11.286
9.262
8.756
8.921
8.921
8.162
7.37
7.491
7.491
7.018
7.623
9.614
10.615
10.615
8.448
5.764
4.95
4.301
3.85
3.949
4.356
4.092
3.993
4.356
4.576
4.884
5.368
6.017
5.764
5.225
5.148
5.445
5.291
5.016
5.082
5.225
5.291
4.95
5.291
6.105
6.49
7.249
8.019
8.602
8.305
7.876
7.744
6.391
5.368
5.841
6.292
5.929
7.249
5.599
4.884
5.368
4.521
3.905
4.246
4.576
4.356
4.301
4.147
4.092
4.631
4.092
4.191
4.246
5.368
5.522
4.884
5.676
6.391
6.204
7.128
6.292
6.292
6.391
5.841
6.204
7.128
7.37
7.249
7.623
6.49
9.086
7.37
9.262
9.438
6.391
6.49
6.49
6.292
8.448
7.249
7.744
6.292
6.204
5.599
4.631
4.301
5.291
5.929
5.291
5.291
5.599
5.148
5.368
5.445
5.929
5.368
5.148
6.49
5.148
5.929
6.699
7.018
7.249
5.522
5.764
6.292
7.018
6.589
7.876
6.204
6.391
6.017
4.631
5.082
5.764
5.599
5.599
5.445
5.445
5.522
5.225
5.522
5.445
6.204
6.798
7.018
7.128
7.623
7.491
7.37
8.162
7.744
7.128
6.699
6.391
6.798
6.105
5.368
5.082
4.95
4.752
4.356
4.356
4.301
3.949
3.905
4.037
3.905
3.553
3.52
3.223
2.893
3.047
2.728
2.838
2.695
2.519
2.398
2.002
1.947
1.771
1.584
1.595
1.562
1.474
1.342
1.276
1.243
1.21
1.199
1.199
1.166
1.221
1.265
1.21
1.122
1.045
1.045
1.089
1.089
1.078
1.045
1.012
0.99
0.979
0.979
1.001
1.012
1.034
1.122
1.188
1.188
1.21
1.298
1.254
1.232
1.254
1.166
1.089
1.067
1.034
1.012
1.045
1.045
1.045
1.001
1.056
1.023
1.012
1.023
1.056
1.067
1.089
1.045
0.957
0.825
0.704
0.649
0.583
0.517
0.506
0.506
0.484
0.451
0.44
0.429
0.418
0.407
0.363
0.33
0.286
0.275
0.286
0.286
0.275
0.264
0.264
0.264
0.253
0.242
0.22
0.198
0.176
0.165
0.143
0.132
0.121
0.11
0.099
0.088
0.077
0.066
0.066
0.055
0.055
0.044
0.033
0.033
0.022
0.022
0.022
0.011
0.011
0.011
0.011
0.011
0.011
0.011
0
0
0
0
0
0
0
0
0
0
0
0
0
0
0
0
0
0
0
0
0
0
0
0
0
0
0
0
0
0
0
0
0
0
0
0
0
0
0
0
0
0
0
0
0
0
0
0
0
0
0
0
0
0
0
0
0
0
0
0
0
0
0
0
0
0
0
0
0
0
0
0
0
0
0
0
0
0
0
0
0
0
0
0
0
0
0
0
0
0
0
0
0
0
0
0
0
0
0
0
0
0
0
0
0
0
0
0
0
0
0
0
0
0
0
0
0
0
0
0
0
0
0
0
0
0
0
0
0
0
0
0
0
0
0
0
0
0
0
0
0
0
0
0
0
0
0
0
0
0
0
0
0
0
0
0
0
0
0
0
0
0
0
0
0
0
0
0
0
0
0
0
0
0
0
0
0
0
0
0
0
0
0
0
0
0
0
0
0
0
0
0
0
0
0
0
0
0
0
0
0
0
0
0
0
0
0
0
0
0
0
0
0
0
0
0
0
0
0
0
0
0
0
0
0
0
0
0
0
0
0
0
0
0
0
0
0
0
0
0
0
0
0
0
0
0
0
0
0
0
0
0
0
0
0
0
0
0
0
0
0
0
0
0
0
0
0
0
0
0
0
0
0
0
0
0
0
0
0
0
0
0
0
0
0
0
0
0
0
0
0
0
0
0
0
0
0
0
0
0
0
0
0
0
0
0
0
0
0
0
0
0
0
0
0
0
0
0
0
0
0
0
0
0
0
0
0
0
0
0
0
0
0
0
0
0
0
0
0
0
0
0
0
0
0
0
0
0
0
0
0
0
0
0
0
0
0
0
0
0
0
0
0
0
0
0
0
0
0
0
0
0
0
0
0
0
0
0
0
0
0
0
0
0
0
0
0
0
0
0
0
0
0
0
0
0
0
0
0
0
0
0
0
0
0
0
0
0
0
0
0
0
0
0
0
0
0
0
0
0
0
0
0
0
0
0
0
0
0
0
0
0
