0
0
0
0
0
0
0
0
0
0
0
0
0
0
0
0
0
0
0
0
0
0
0
0
0
0
0
0
0
0
0
0
0
0
0
0
0
0
0
0
0
0
0
0
0
0
0
0
0
0
0
0
0
0
0
0
0
0
0
0
0
0
0
0
0
0
0
0
0
0
0
0
0
0
0
0
0
0
0
0
0
0
0
0
0
0
0
0
0
0
0
0
0
0
0
0
0
0
0
0
0
0
0
0
0
0
0
0
0
0
0
0
0
0
0
0
0
0
0
0
0
0
0
0
0
0
0
0
0
0
0
0
0
0
0
0
0
0
0
0
0
0
0
0
0
0
0
0
0
0
0
0
0
0
0
0
0
0
0
0
0
0
0
0
0
0
0
0
0
0
0
0
0
0
0
0
0
0
0
0
0
0
0
0
0
0
0
0
0
0
0
0
0
0
0
0
0
0
0
0
0
0
0
0
0
0
0
0
0
0
0
0
0
0
0
0
0
0
0
0
0
0
0
0
0
0
0
0
0
0
0
0
0
0
0
0
0
0
0
0
0
0
0
0
0
0
0
0
0
0
0
0
0
0
0
0
0
0
0
0
0
0
0
0
0
0
0
0
0
0
0
0
0
0
0
0
0
0
0
0
0
0
0
0
0
0
0
0
0
0
0
0
0
0
0
0
0
0
0
0
0
0
0
0
0
0
0
0
0
0
0
0
0
0
0
0
0
0
0
0
0
0
0
0
0
0
0
0
0
0
0
0
0
0
0
0
0
0
0
0
0
0
0
0
0
0
0
0
0
0
0
0
0
0
0
0
0
0
0
0
0
0
0
0
0
0
0
0
0
0
0
0
0
0
0
0
0
0
0
0
0
0
0
0
0
0
0
0
0
0
0
0
0
0
0
0
0
0
0
0
0
0
0
0
0
0
0
0
0
0
0
0
0
0
0
0
0
0
0
0
0
0
0
0
0
0
0
0
0
0
0
0
0
0
0
0
0.014
0.014
0.014
0.014
0.014
0.028
0.028
0.028
0.028
0.042
0.042
0.056
0.056
0.07
0.084
0.084
0.098
0.112
0.126
0.14
0.154
0.168
0.182
0.196
0.224
0.238
0.252
0.28
0.308
0.322
0.35
0.378
0.392
0.434
0.448
0.49
0.518
0.546
0.574
0.616
0.644
0.686
0.728
0.756
0.798
0.826
0.854
0.882
0.91
0.952
0.98
1.022
1.05
1.078
1.106
1.148
1.176
1.204
1.246
1.288
1.316
1.344
1.372
1.4
1.428
1.47
1.498
1.526
1.554
1.582
1.61
1.624
1.652
1.68
1.708
1.736
1.764
1.834
1.82
1.848
1.876
1.904
1.918
1.974
1.988
2.016
2.058
2.072
2.086
2.1
2.142
2.156
2.17
2.198
2.212
2.226
2.254
2.268
2.296
2.324
2.352
2.366
2.394
2.408
2.436
2.45
2.478
2.478
2.52
2.548
2.562
2.562
2.59
2.59
2.632
2.632
2.66
2.702
2.73
2.73
2.758
2.758
2.758
2.786
2.814
2.814
2.828
2.856
2.884
2.912
2.94
2.968
2.996
3.024
3.024
3.052
3.08
3.08
3.08
3.15
3.178
3.206
3.234
3.262
3.262
3.304
3.332
3.36
3.36
3.36
3.36
3.36
3.36
3.402
3.304
3.304
3.332
3.332
3.36
3.332
3.36
3.402
3.402
3.402
3.402
3.43
3.43
3.43
3.43
3.542
3.542
3.878
3.808
3.472
3.612
3.5
3.766
3.5
3.654
3.92
3.178
3.682
4.004
3.36
3.262
3.808
3.962
3.808
3.332
3.57
3.332
3.57
3.654
3.472
3.612
3.654
3.654
3.682
3.682
3.682
3.766
3.724
3.5
3.766
3.724
3.766
3.85
3.808
3.878
3.878
3.92
3.962
4.004
4.144
4.522
4.522
4.522
5.404
6.216
6.132
6.384
6.048
8.26
8.932
6.65
4.844
4.326
5.474
5.978
5.404
5.138
5.6
6.468
5.978
4.382
4.228
5.082
6.132
7.224
9.226
11.564
9.226
9.226
8.792
9.702
8.652
8.526
9.226
10.388
11.564
10.948
7.77
9.072
7.77
7.658
9.534
7.336
5.138
5.474
7.028
6.734
6.552
6.468
7.896
5.894
5.138
5.026
5.894
7.658
9.226
7.224
7.434
11.788
8.526
5.684
4.844
6.216
8.932
6.832
6.132
5.404
4.844
4.578
4.424
4.522
4.48
5.026
4.844
4.48
4.69
5.978
7.028
5.474
5.026
7.028
8.652
7.77
7.126
8.26
7.546
6.384
7.336
8.386
9.702
10.388
9.38
8.932
8.008
6.93
6.3
6.216
7.896
9.38
12.474
12.978
8.526
8.792
10.948
8.386
11.788
9.856
6.216
10.206
12.236
9.38
8.386
6.734
8.008
8.386
7.77
7.224
8.792
10.024
9.702
8.386
9.856
8.526
8.134
8.386
10.752
10.948
8.932
8.932
8.134
6.65
5.978
5.404
5.138
4.634
4.424
4.48
5.208
5.404
5.278
4.732
4.634
4.844
5.404
5.474
5.278
5.026
5.082
5.208
5.334
5.894
7.896
9.072
8.932
7.896
6.832
5.754
4.97
5.278
5.208
5.894
5.894
5.474
5.6
5.894
7.434
7.336
6.65
7.224
6.552
4.97
4.788
4.732
5.026
4.284
5.138
6.048
5.894
5.6
7.126
6.3
5.684
6.468
6.3
5.474
4.522
5.026
4.9
4.382
4.382
3.57
2.828
2.73
2.478
2.072
2.324
3.024
2.912
2.758
2.548
2.828
2.94
2.856
3.024
3.178
3.612
3.808
4.046
3.332
2.912
3.08
2.884
3.08
3.5
3.612
2.996
2.702
2.688
2.94
2.94
2.198
2.016
2.002
2.548
2.856
2.45
2.086
2.366
2.478
2.408
2.604
2.884
2.94
2.94
2.59
2.226
2.142
2.31
2.058
1.876
2.086
2.128
2.17
2.296
2.072
1.848
1.96
1.988
2.03
1.918
1.456
1.33
1.33
1.33
1.386
1.302
1.176
1.134
1.162
1.106
1.036
0.91
0.868
0.826
0.714
0.546
0.518
0.532
0.504
0.574
0.658
0.7
0.784
0.798
0.798
0.728
0.644
0.686
0.686
0.77
0.784
0.7
0.532
0.476
0.49
0.504
0.406
0.406
0.462
0.462
0.462
0.462
0.448
0.462
0.49
0.462
0.448
0.42
0.406
0.392
0.364
0.336
0.322
0.308
0.28
0.266
0.238
0.224
0.21
0.182
0.168
0.14
0.126
0.112
0.098
0.084
0.07
0.056
0.056
0.056
0.042
0.042
0.042
0.028
0.028
0.028
0.028
0.014
0.014
0.014
0.014
0.014
0.014
0.014
0.014
0
0
0
0
0
0
0
0
0
0
0
0
0
0
0
0
0
0
0
0
0
0
0
0
0
0
0
0
0
0
0
0
0
0
0
0
0
0
0
0
0
0
0
0
0
0
0
0
0
0
0
0
0
0
0
0
0
0
0
0
0
0
0
0
0
0
0
0
0
0
0
0
0
0
0
0
0
0
0
0
0
0
0
0
0
0
0
0
0
0
0
0
0
0
0
0
0
0
0
0
0
0
0
0
0
0
0
0
0
0
0
0
0
0
0
0
0
0
0
0
0
0
0
0
0
0
0
0
0
0
0
0
0
0
0
0
0
0
0
0
0
0
0
0
0
0
0
0
0
0
0
0
0
0
0
0
0
0
0
0
0
0
0
0
0
0
0
0
0
0
0
0
0
0
0
0
0
0
0
0
0
0
0
0
0
0
0
0
0
0
0
0
0
0
0
0
0
0
0
0
0
0
0
0
0
0
0
0
0
0
0
0
0
0
0
0
0
0
0
0
0
0
0
0
0
0
0
0
0
0
0
0
0
0
0
0
0
0
0
0
0
0
0
0
0
0
0
0
0
0
0
0
0
0
0
0
0
0
0
0
0
0
0
0
0
0
0
0
0
0
0
0
0
0
0
0
0
0
0
0
0
0
0
0
0
0
0
0
0
0
0
0
0
0
0
0
0
0
0
0
0
0
0
0
0
0
0
0
0
0
0
0
0
0
0
0
0
0
0
0
0
0
0
0
0
0
0
0
0
0
0
0
0
0
0
0
0
0
0
0
0
0
0
0
0
0
0
0
0
0
0
0
0
0
0
0
0
0
0
0
0
0
0
0
0
0
0
0
0
0
0
0
0
0
0
0
0
0
0
0
0
0
0
0
0
0
0
0
0
0
0
0
0
0
0
0
0
0
0
0
0
0
0
0
0
0
0
0
0
0
0
0
0
0
0
0
0
0
0
0
0
0
0
0
0
0
0
0
0
0
0
0
0
0
0
0
0
0
0
0
0
0
0
0
0
0
0
0
0
0
0
0
0
0
0
