0
0
0
0
0
0
0
0
0
0
0
0
0
0
0
0
0
0
0
0
0
0
0
0
0
0
0
0
0
0
0
0
0
0
0
0
0
0
0
0
0
0
0
0
0
0
0
0
0
0
0
0
0
0
0
0
0
0
0
0
0
0
0
0
0
0
0
0
0
0
0
0
0
0
0
0
0
0
0
0
0
0
0
0
0
0
0
0
0
0
0
0
0
0
0
0
0
0
0
0
0
0
0
0
0
0
0
0
0
0
0
0
0
0
0
0
0
0
0
0
0
0
0
0
0
0
0
0
0
0
0
0
0
0
0
0
0
0
0
0
0
0
0
0
0
0
0
0
0
0
0
0
0
0
0
0
0
0
0
0
0
0
0
0
0
0
0
0
0
0
0
0
0
0
0
0
0
0
0
0
0
0
0
0
0
0
0
0
0
0
0
0
0
0
0
0
0
0
0
0
0
0
0
0
0
0
0
0
0
0
0
0
0
0
0
0
0
0
0
0
0
0
0
0
0
0
0
0
0
0
0
0
0
0
0
0
0
0
0
0
0
0
0
0
0
0
0
0
0
0
0
0
0
0
0
0
0
0
0
0
0
0
0
0
0
0
0
0
0
0
0
0
0
0
0
0
0
0
0
0
0
0
0
0
0
0
0
0
0
0
0
0
0
0
0
0
0
0
0
0
0
0
0
0
0
0
0
0
0
0
0
0
0
0
0
0
0
0
0
0
0
0
0
0
0
0
0
0
0
0
0
0
0
0
0
0
0
0
0
0
0
0
0
0
0
0
0
0
0
0
0
0
0
0
0
0
0
0
0
0
0
0
0
0
0
0
0
0
0
0
0
0
0
0
0
0
0
0
0
0
0
0
0
0
0
0
0
0
0
0
0
0
0
0
0
0
0
0
0
0
0
0
0
0
0
0
0
0
0
0
0
0
0
0
0
0
0
0
0
0
0
0
0
0
0
0
0
0
0
0
0
0
0
0
0
0
0
0
0
0.01
0.01
0.01
0.01
0.01
0.02
0.02
0.02
0.02
0.03
0.03
0.04
0.04
0.05
0.06
0.07
0.07
0.08
0.09
0.1
0.11
0.12
0.13
0.14
0.16
0.17
0.18
0.2
0.21
0.22
0.24
0.25
0.27
0.28
0.3
0.32
0.33
0.35
0.37
0.39
0.41
0.42
0.43
0.44
0.46
0.47
0.5
0.53
0.55
0.57
0.59
0.61
0.63
0.64
0.66
0.68
0.69
0.71
0.73
0.74
0.76
0.78
0.8
0.81
0.83
0.84
0.85
0.87
0.89
0.9
0.91
0.95
0.94
0.96
0.97
0.98
0.99
1.01
1.02
1.03
1.05
1.06
1.07
1.08
1.1
1.1
1.11
1.13
1.14
1.16
1.16
1.17
1.18
1.19
1.2
1.21
1.22
1.23
1.24
1.25
1.26
1.27
1.28
1.29
1.3
1.31
1.32
1.33
1.34
1.35
1.36
1.36
1.37
1.38
1.4
1.41
1.42
1.43
1.43
1.45
1.45
1.47
1.48
1.49
1.49
1.5
1.5
1.52
1.53
1.53
1.54
1.54
1.55
1.55
1.57
1.58
1.58
1.59
1.59
1.61
1.61
1.62
1.64
1.64
1.65
1.65
1.65
1.66
1.66
1.68
1.68
1.68
1.69
1.69
1.69
1.71
1.71
1.72
1.72
1.74
1.74
1.74
1.75
1.75
1.75
1.77
1.77
1.77
1.77
1.77
1.77
1.82
1.78
1.78
1.8
1.8
1.8
1.8
1.8
1.82
1.82
1.82
1.82
1.82
1.83
1.82
1.83
1.83
1.83
1.85
1.85
1.85
1.86
1.86
1.86
1.86
1.86
1.88
1.88
1.88
1.88
1.9
1.9
1.9
1.9
1.9
1.9
1.9
1.9
1.9
1.92
1.92
1.9
1.92
1.92
1.9
1.92
1.93
1.93
1.93
1.93
1.93
1.93
1.93
1.93
1.95
1.93
1.93
1.95
1.93
1.93
1.93
1.95
1.93
1.93
1.95
1.95
1.95
1.95
1.95
1.97
1.97
1.97
1.97
2.01
2.04
2.04
2.06
2.06
2.06
2.08
2.14
2.18
2.22
2.45
2.4
2.22
2.27
2.2
2.22
2.16
1.92
2.36
3.13
3.46
2.69
2.18
1.93
2.18
2.18
2.18
2.31
2.22
2.16
2.12
2.12
2.14
2.2
2.33
2.31
2.14
2.16
2.16
2.14
2.14
2.16
2.12
2.12
2.12
2.14
2.14
2.14
2.14
2.14
2.14
2.14
2.14
2.12
2.14
2.14
2.14
2.16
2.16
2.16
2.18
2.25
2.27
2.2
1.9
2.2
1.88
2.27
2.43
2.33
2.43
2.66
2.43
2.86
2.66
2.4
2.18
2.33
1.95
2.14
1.97
2.53
2.55
2.38
2.29
2.38
2.96
3.35
2.83
2.75
3.02
2.69
2.36
2.33
2.36
2.45
2.38
2.45
2.27
2.25
2.16
2.12
2.08
2.12
2.14
2.08
2.1
2.06
2.04
2.04
2.04
2.04
2.04
2.02
2.01
2.04
2.22
2.61
2.58
2.22
2.01
1.99
2.02
2.02
2.02
2.08
2.22
2.31
2.27
2.18
2.04
1.95
1.97
1.97
1.97
1.93
1.92
1.9
1.88
1.88
1.88
1.88
1.9
1.9
1.9
1.92
1.92
1.93
1.95
2.02
1.99
1.95
1.86
1.82
1.78
1.8
1.71
1.8
1.75
1.74
1.74
1.74
1.75
1.72
1.72
1.71
1.71
1.71
1.69
1.68
1.71
1.83
1.75
1.71
1.71
1.85
2.06
1.9
1.95
1.74
1.71
1.92
1.97
1.86
1.75
1.72
1.65
1.57
1.59
1.62
1.77
1.78
1.68
1.44
1.5
1.48
1.49
1.49
1.47
1.42
1.44
1.43
1.44
1.4
1.41
1.38
1.36
1.36
1.34
1.33
1.29
1.31
1.3
1.3
1.29
1.26
1.25
1.24
1.23
1.22
1.2
1.2
1.18
1.17
1.16
1.16
1.15
1.16
1.12
1.12
1.11
1.1
1.1
1.11
1.1
1.12
1.13
1.14
1.29
1.48
1.58
1.65
1.59
1.44
1.35
1.23
1.22
1.14
1.03
0.92
0.85
0.77
0.74
0.74
0.72
0.62
0.56
0.51
0.49
0.48
0.46
0.45
0.43
0.41
0.4
0.38
0.37
0.34
0.33
0.31
0.3
0.28
0.26
0.25
0.23
0.22
0.2
0.19
0.17
0.16
0.15
0.13
0.12
0.11
0.1
0.09
0.08
0.07
0.07
0.06
0.05
0.05
0.04
0.03
0.03
0.03
0.02
0.02
0.02
0.01
0.01
0.01
0.01
0.01
0.01
0
0
0
0
0
0
0
0
0
0
0
0
0
0
0
0
0
0
0
0
0
0
0
0
0
0
0
0
0
0
0
0
0
0
0
0
0
0
0
0
0
0
0
0
0
0
0
0
0
0
0
0
0
0
0
0
0
0
0
0
0
0
0
0
0
0
0
0
0
0
0
0
0
0
0
0
0
0
0
0
0
0
0
0
0
0
0
0
0
0
0
0
0
0
0
0
0
0
0
0
0
0
0
0
0
0
0
0
0
0
0
0
0
0
0
0
0
0
0
0
0
0
0
0
0
0
0
0
0
0
0
0
0
0
0
0
0
0
0
0
0
0
0
0
0
0
0
0
0
0
0
0
0
0
0
0
0
0
0
0
0
0
0
0
0
0
0
0
0
0
0
0
0
0
0
0
0
0
0
0
0
0
0
0
0
0
0
0
0
0
0
0
0
0
0
0
0
0
0
0
0
0
0
0
0
0
0
0
0
0
0
0
0
0
0
0
0
0
0
0
0
0
0
0
0
0
0
0
0
0
0
0
0
0
0
0
0
0
0
0
0
0
0
0
0
0
0
0
0
0
0
0
0
0
0
0
0
0
0
0
0
0
0
0
0
0
0
0
0
0
0
0
0
0
0
0
0
0
0
0
0
0
0
0
0
0
0
0
0
0
0
0
0
0
0
0
0
0
0
0
0
0
0
0
0
0
0
0
0
0
0
0
0
0
0
0
0
0
0
0
0
0
0
0
0
0
0
0
0
0
0
0
0
0
0
0
0
0
0
0
0
0
0
0
0
0
0
0
0
0
0
0
0
0
0
0
0
0
0
0
0
0
0
0
0
0
0
0
0
0
0
0
0
0
0
0
0
0
0
0
0
0
0
0
0
0
0
0
0
0
0
0
0
0
0
0
0
0
0
0
0
0
0
0
0
0
0
0
0
0
0
0
0
0
0
0
0
0
0
0
0
0
0
0
0
0
0
0
0
0
0
0
0
0
0
0
0
0
0
0
0
0
0
0
0
0
0
0
0
0
0
0
