0
0
0
0
0
0
0
0
0
0
0
0
0
0
0
0
0
0
0
0
0
0
0
0
0
0
0
0
0
0
0
0
0
0
0
0
0
0
0
0
0
0
0
0
0
0
0
0
0
0
0
0
0
0
0
0
0
0
0
0
0
0
0
0
0
0
0
0
0
0
0
0
0
0
0
0
0
0
0
0
0
0
0
0
0
0
0
0
0
0
0
0
0
0
0
0
0
0
0
0
0
0
0
0
0
0
0
0
0
0
0
0
0
0
0
0
0
0
0
0
0
0
0
0
0
0
0
0
0
0
0
0
0
0
0
0
0
0
0
0
0
0
0
0
0
0
0
0
0
0
0
0
0
0
0
0
0
0
0
0
0
0
0
0
0
0
0
0
0
0
0
0
0
0
0
0
0
0
0
0
0
0
0
0
0
0
0
0
0
0
0
0
0
0
0
0
0
0
0
0
0
0
0
0
0
0
0
0
0
0
0
0
0
0
0
0
0
0
0
0
0
0
0
0
0
0
0
0
0
0
0
0
0
0
0
0
0
0
0
0
0
0
0
0
0
0
0
0
0
0
0
0
0
0
0
0
0
0
0
0
0
0
0
0
0
0
0
0
0
0
0
0
0
0
0
0
0
0
0
0
0
0
0
0
0
0
0
0
0
0
0
0
0
0
0
0
0
0
0
0
0
0
0
0
0
0
0
0
0
0
0
0
0
0
0
0
0
0
0
0
0
0
0
0
0
0
0
0
0
0
0
0
0
0
0
0
0
0
0
0
0
0
0
0
0
0
0
0
0
0
0
0
0
0
0
0
0
0
0
0
0
0
0
0
0
0
0
0
0
0
0
0
0
0
0
0
0
0
0
0
0
0
0
0
0
0
0
0
0
0
0
0
0
0
0
0
0
0
0
0
0
0
0
0
0
0
0
0
0
0
0
0
0
0
0
0
0
0
0
0
0
0
0
0
0
0
0
0
0
0.01
0.01
0.01
0.01
0.01
0.02
0.02
0.02
0.03
0.03
0.04
0.04
0.05
0.06
0.06
0.07
0.08
0.09
0.1
0.12
0.13
0.15
0.16
0.18
0.19
0.21
0.23
0.25
0.27
0.29
0.3
0.32
0.35
0.37
0.39
0.42
0.44
0.47
0.49
0.52
0.55
0.57
0.6
0.64
0.67
0.7
0.73
0.77
0.8
0.84
0.89
0.95
1
1.04
1.07
1.1
1.13
1.16
1.18
1.21
1.24
1.27
1.3
1.32
1.35
1.38
1.41
1.44
1.48
1.5
1.54
1.57
1.59
1.64
1.65
1.69
1.71
1.74
1.77
1.78
1.82
1.83
1.86
1.88
1.9
1.93
1.95
2.01
2.01
2.02
2.04
2.06
2.08
2.12
2.14
2.14
2.16
2.18
2.2
2.2
2.22
2.25
2.25
2.27
2.29
2.33
2.36
2.38
2.4
2.43
2.48
2.5
2.53
2.58
2.61
2.63
2.66
2.69
2.72
2.75
2.77
2.77
2.83
2.86
2.89
2.93
2.96
2.99
3.02
3.02
3.06
3.06
3.06
3.09
3.13
3.2
3.23
3.23
3.23
3.23
3.23
3.2
3.2
3.2
3.13
3.13
3.02
3.06
3.06
3.13
3.2
3.27
3.38
3.35
3.38
3.42
3.42
3.42
3.42
3.27
3.23
3.23
3.23
3.23
3.23
3.27
3.31
3.35
3.42
3.46
3.46
3.46
3.46
3.46
3.46
3.5
3.5
3.42
3.42
3.42
3.42
3.42
3.42
3.38
3.31
3.35
3.35
3.46
3.46
3.55
3.59
3.63
3.55
3.5
3.5
3.46
3.46
3.46
3.5
3.55
3.59
3.55
3.55
3.5
3.5
3.5
3.55
3.59
3.67
3.72
3.67
3.72
3.72
3.72
3.67
3.46
3.42
3.59
3.59
3.59
3.59
3.59
3.59
3.63
3.67
3.72
3.77
3.81
3.86
3.86
3.91
3.96
4
4.06
3.96
4
3.96
3.96
4
4.06
4.16
4.21
4.16
4.11
4.11
4.06
4.06
4
4
4.06
4
4.06
4.06
4.06
4.06
4.06
4.11
4.11
4.06
4.06
4.06
4.06
4.06
4.06
4.11
4.16
4.16
4.16
4.16
4.11
4.06
4.11
4.11
4.11
4.11
4.11
4.16
4.16
4.21
4.21
4.27
4.27
4.27
4.32
4.32
4.32
4.32
4.5
4.32
4.32
4.27
4.32
4.38
4.21
4.21
4.16
4.16
4.16
4.11
4.11
4.11
4.06
4.06
4.11
4.11
4.11
4.06
4.06
4.06
4.11
4.11
4.11
4.16
4.21
4.32
4.44
4.56
4.56
4.88
5.09
5.16
5.55
7.55
8.58
10.95
12.26
13.5
12.85
12.55
10.95
10.05
10.48
12.26
12.26
11.44
10.71
10.71
8.91
6.7
5.09
4.62
4.5
4.88
5.16
5.99
6.81
6.59
5.81
5.47
4.62
4.16
3.59
4.27
4.38
4
3.31
3.2
3.5
3.35
3.35
3.09
2.93
3.02
3.06
3.27
3.31
3.2
3.16
3.27
3.23
3.2
3.16
3.13
3.13
3.13
3.09
3.09
3.13
3.09
3.09
3.09
3.16
3.2
2.86
3.09
3.02
2.61
3.02
2.89
2.48
2.45
2.72
2.89
2.72
2.86
3.09
3.13
2.99
2.61
2.58
2.55
2.48
2.38
2.36
2.43
2.25
2.43
2.55
2.4
2.38
2.36
2.69
2.77
2.96
3.09
3.16
3.16
3.59
3.42
3.72
3.86
4.44
4.75
4.44
3.72
3.67
4.06
3.81
3.91
4.38
4.62
4.88
4.81
4.62
4.44
4.32
4.27
3.86
3.2
2.96
2.89
2.96
3.23
3.38
3.35
3.09
2.86
2.55
2.4
2.25
2.2
2.27
2.2
2.18
2.16
2.14
2.1
2.08
2.06
2.04
2.02
2.02
2.01
1.88
1.97
1.95
1.93
1.92
1.9
1.88
1.85
1.69
1.74
1.82
1.77
1.74
1.68
1.61
1.57
1.53
1.58
1.74
1.85
1.83
1.82
1.88
2.01
2.1
2.18
2.14
2.08
1.86
1.75
1.59
1.57
1.52
1.43
1.33
1.3
1.24
1.16
1.14
1.1
1.07
1.03
1
0.97
0.95
0.92
0.89
0.87
0.84
0.82
0.79
0.76
0.74
0.71
0.69
0.66
0.64
0.61
0.58
0.56
0.53
0.5
0.48
0.45
0.43
0.4
0.38
0.35
0.33
0.31
0.29
0.27
0.25
0.23
0.22
0.2
0.18
0.17
0.15
0.14
0.12
0.11
0.1
0.09
0.08
0.07
0.06
0.05
0.05
0.04
0.03
0.03
0.03
0.02
0.02
0.01
0.01
0.01
0.01
0.01
0.01
0
0
0
0
0
0
0
0
0
0
0
0
0
0
0
0
0
0
0
0
0
0
0
0
0
0
0
0
0
0
0
0
0
0
0
0
0
0
0
0
0
0
0
0
0
0
0
0
0
0
0
0
0
0
0
0
0
0
0
0
0
0
0
0
0
0
0
0
0
0
0
0
0
0
0
0
0
0
0
0
0
0
0
0
0
0
0
0
0
0
0
0
0
0
0
0
0
0
0
0
0
0
0
0
0
0
0
0
0
0
0
0
0
0
0
0
0
0
0
0
0
0
0
0
0
0
0
0
0
0
0
0
0
0
0
0
0
0
0
0
0
0
0
0
0
0
0
0
0
0
0
0
0
0
0
0
0
0
0
0
0
0
0
0
0
0
0
0
0
0
0
0
0
0
0
0
0
0
0
0
0
0
0
0
0
0
0
0
0
0
0
0
0
0
0
0
0
0
0
0
0
0
0
0
0
0
0
0
0
0
0
0
0
0
0
0
0
0
0
0
0
0
0
0
0
0
0
0
0
0
0
0
0
0
0
0
0
0
0
0
0
0
0
0
0
0
0
0
0
0
0
0
0
0
0
0
0
0
0
0
0
0
0
0
0
0
0
0
0
0
0
0
0
0
0
0
0
0
0
0
0
0
0
0
0
0
0
0
0
0
0
0
0
0
0
0
0
0
0
0
0
0
0
0
0
0
0
0
0
0
0
0
0
0
0
0
0
0
0
0
0
0
0
0
0
0
0
0
0
0
0
0
0
0
0
0
0
0
0
0
0
0
0
0
0
0
0
0
0
0
0
0
0
0
0
0
0
0
0
0
0
0
0
0
0
0
0
0
0
0
0
0
0
0
0
0
0
0
0
0
0
0
0
0
0
0
0
0
0
0
0
0
0
0
0
0
0
0
0
0
0
0
0
0
0
0
0
0
0
0
0
0
0
0
0
0
0
0
0
0
0
0
0
0
0
0
0
0
0
0
0
0
0
0
0
0
0
0
0
0
0
0
0
0
0
0
0
