0
0
0
0
0
0
0
0
0
0
0
0
0
0
0
0
0
0
0
0
0
0
0
0
0
0
0
0
0
0
0
0
0
0
0
0
0
0
0
0
0
0
0
0
0
0
0
0
0
0
0
0
0
0
0
0
0
0
0
0
0
0
0
0
0
0
0
0
0
0
0
0
0
0
0
0
0
0
0
0
0
0
0
0
0
0
0
0
0
0
0
0
0
0
0
0
0
0
0
0
0
0
0
0
0
0
0
0
0
0
0
0
0
0
0
0
0
0
0
0
0
0
0
0
0
0
0
0
0
0
0
0
0
0
0
0
0
0
0
0
0
0
0
0
0
0
0
0
0
0
0
0
0
0
0
0
0
0
0
0
0
0
0
0
0
0
0
0
0
0
0
0
0
0
0
0
0
0
0
0
0
0
0
0
0
0
0
0
0
0
0
0
0
0
0
0
0
0
0
0
0
0
0
0
0
0
0
0
0
0
0
0
0
0
0
0
0
0
0
0
0
0
0
0
0
0
0
0
0
0
0
0
0
0
0
0
0
0
0
0
0
0
0
0
0
0
0
0
0
0
0
0
0
0
0
0
0
0
0
0
0
0
0
0
0
0
0
0
0
0
0
0
0
0
0
0
0
0
0
0
0
0
0
0
0
0
0
0
0
0
0
0
0
0
0
0
0
0
0
0
0
0
0
0
0
0
0
0
0
0
0
0
0
0
0
0
0
0
0
0
0
0
0
0
0
0
0
0
0
0
0
0
0
0
0
0
0
0
0
0
0
0
0
0
0
0
0
0
0
0
0
0
0
0
0
0
0
0
0
0
0
0
0
0
0
0
0
0
0
0
0
0
0
0
0
0
0
0
0
0
0
0
0
0
0
0
0
0
0
0
0
0
0
0
0
0
0
0
0
0
0
0
0
0
0
0
0
0
0
0
0
0
0
0
0
0
0
0
0
0
0
0
0
0
0
0
0
0
0
0
0
0
0
0
0
0
0
0
0.0128
0.0128
0.0128
0.0128
0.0128
0.0128
0.0128
0.0128
0.0256
0.0256
0.0256
0.0384
0.0384
0.0384
0.0384
0.0384
0.0384
0.064
0.064
0.064
0.0768
0.0896
0.0896
0.1024
0.0896
0.0896
0.1024
0.1408
0.1792
0.192
0.192
0.2176
0.2432
0.2432
0.2304
0.2816
0.2816
0.2944
0.2816
0.3072
0.2816
0.3072
0.3584
0.4608
0.5632
0.5376
0.512
0.4864
0.3584
0.3584
0.4352
0.512
0.6656
0.7808
0.6656
0.576
0.4224
0.384
0.3456
0.384
0.4864
0.5504
0.6016
0.6272
0.6912
0.7936
0.9344
0.9728
1.0112
1.0368
1.0112
0.9216
0.9344
0.9984
1.024
1.1136
1.216
1.3056
1.3952
1.4464
1.4848
1.4976
1.5744
1.5872
1.4976
1.408
1.3824
1.3952
1.5232
1.6128
1.664
1.7152
1.792
1.8944
2.0608
2.3296
2.5856
2.688
2.6624
2.6112
2.4576
2.2656
2.1504
2.0992
2.0352
2.0096
1.984
1.9456
1.9712
1.8432
1.6
1.472
1.5616
1.7152
1.7664
1.7408
1.6384
1.5872
1.6384
1.6896
1.792
2.0608
2.1504
2.1504
1.9712
1.8944
1.8304
1.856
2.4704
2.9312
2.432
1.92
2.0352
2.112
2.0992
2.2272
2.1504
2.3296
2.688
2.496
1.7536
1.8176
1.8432
1.8304
2.0224
2.2784
2.368
2.496
2.4704
2.3808
2.5856
2.688
2.7904
2.816
2.8416
2.8416
2.816
2.688
2.6624
2.5856
2.6624
2.9056
2.8416
2.88
2.7904
2.88
3.1744
3.4432
3.6608
4.0064
4.2368
4.096
4.0064
4.096
4.0448
3.7888
3.4432
3.3664
3.584
3.584
3.584
4.0064
4.4288
4.544
4.3776
4.2368
4.096
3.7504
3.4816
2.816
2.3424
2.2784
2.4576
2.5472
2.7392
2.6368
2.5472
2.7392
2.7136
2.3424
2.3424
2.4064
2.4576
2.112
2.2784
2.2272
2.8416
3.3664
4.4288
3.9168
3.52
3.136
3.136
3.4432
3.7504
3.9552
3.8656
3.9552
4.544
5.0048
5.4656
5.8368
5.6064
5.2608
5.12
5.0688
4.9408
5.2608
6.2464
7.4368
7.9104
8.1664
8.8704
8.2944
7.6672
7.104
6.5152
6.2464
6.08
6.1568
6.2464
6.336
6.2464
6.336
6.2464
5.9904
5.76
5.8368
6.2464
6.6048
6.4256
6.336
6.7968
7.7952
8.7168
9.8304
10.0096
9.8304
10.0096
9.664
9.1648
8.576
8.1664
7.7952
7.7952
7.4368
7.6672
8.576
8.576
8.576
8.576
8.4352
7.6672
7.104
7.0016
7.552
8.0384
8.0384
7.6672
7.9104
8.4352
8.7168
9.0112
9.3312
9.4976
9.0112
9.0112
9.0112
9.3312
9.3312
8.8704
9.0112
9.3312
9.1648
9.664
10.0096
8.7168
6.8992
6.7072
7.104
6.8992
5.76
4.8256
4.1856
4.1856
4.544
5.12
5.3888
6.08
6.4256
6.336
5.9904
5.6832
5.0048
4.4288
4.3264
4.1344
4.096
4.7616
5.6832
7.0016
6.336
4.7616
3.9168
4.1344
5.1968
6.08
5.9904
5.76
6.6048
7.0016
6.7968
7.3216
7.6672
7.7952
8.1664
8.2944
7.9104
7.9104
7.9104
7.7952
7.552
7.3216
7.104
7.3216
7.2192
6.7968
6.7072
6.7072
6.7968
6.8992
7.0016
6.7968
6.6048
6.1568
5.8368
5.9136
6.336
6.1568
5.5296
5.0688
4.8768
4.8768
4.6976
4.288
4.0064
3.9168
4.0064
4.288
4.3776
4.1344
4.1856
3.4432
2.7136
3.0464
2.8416
2.4704
2.112
1.9712
2.496
3.4048
4.0064
4.288
4.6464
4.8768
4.48
4.7616
4.8256
4.6464
4.288
3.9552
3.9168
3.8272
3.4048
3.072
3.136
3.3408
2.9824
2.7392
2.7648
2.5856
2.688
2.8416
2.7648
2.304
2.3296
2.2016
1.9584
1.6768
1.6768
1.8432
2.4704
3.1744
3.4816
3.4432
3.3408
3.4432
3.6608
3.6224
3.8272
4.1344
4.3264
4.4288
4.48
4.4288
4.3264
4.096
3.7888
3.4048
3.0464
2.7648
2.4576
2.2784
2.3424
2.368
2.368
2.496
2.6368
2.6112
2.4704
2.1504
1.92
1.8944
2.112
2.0352
1.7536
1.6896
1.6256
1.536
1.3568
1.152
1.0752
1.0752
0.9728
0.9088
0.8192
0.9088
1.024
0.896
0.8704
1.3056
1.3312
1.1136
0.8704
0.768
0.8064
0.8192
0.8448
0.9856
0.8704
0.768
0.6784
0.704
0.5632
0.4352
0.4096
0.32
0.3328
0.3968
0.4608
0.576
0.6912
0.6656
0.6528
0.6784
0.9088
0.9472
0.9344
0.896
0.7936
0.6144
0.6912
0.5632
0.6016
0.5504
0.4224
0.448
0.4096
0.3968
0.384
0.384
0.3968
0.3968
0.384
0.3712
0.2944
0.3712
0.3328
0.32
0.256
0.2176
0.1792
0.1792
0.1792
0.192
0.1664
0.1536
0.1664
0.1408
0.1408
0.1408
0.1024
0.1024
0.0896
0.0768
0.0896
0.0896
0.0768
0.064
0.0384
0.0384
0.0384
0.0384
0.0256
0.0256
0.0256
0.0256
0.0128
0.0128
0.0128
0.0128
0.0128
0.0128
0.0128
0.0128
0.0128
0
0
0
0
0
0
0
0
0
0
0
0
0
0
0
0
0
0
0
0
0
0
0
0
0
0
0
0
0
0
0
0
0
0
0
0
0
0
0
0
0
0
0
0
0
0
0
0
0
0
0
0
0
0
0
0
0
0
0
0
0
0
0
0
0
0
0
0
0
0
0
0
0
0
0
0
0
0
0
0
0
0
0
0
0
0
0
0
0
0
0
0
0
0
0
0
0
0
0
0
0
0
0
0
0
0
0
0
0
0
0
0
0
0
0
0
0
0
0
0
0
0
0
0
0
0
0
0
0
0
0
0
0
0
0
0
0
0
0
0
0
0
0
0
0
0
0
0
0
0
0
0
0
0
0
0
0
0
0
0
0
0
0
0
0
0
0
0
0
0
0
0
0
0
0
0
0
0
0
0
0
0
0
0
0
0
0
0
0
0
0
0
0
0
0
0
0
0
0
0
0
0
0
0
0
0
0
0
0
0
0
0
0
0
0
0
0
0
0
0
0
0
0
0
0
0
0
0
0
0
0
0
0
0
0
0
0
0
0
0
0
0
0
0
0
0
0
0
0
0
0
0
0
0
0
0
0
0
0
0
0
0
0
0
0
0
0
0
0
0
0
0
0
0
0
0
0
0
0
0
0
0
0
0
0
0
0
0
0
0
0
0
0
0
0
0
0
0
0
0
0
0
0
0
0
0
0
0
0
0
0
0
0
0
0
0
0
0
0
0
0
0
0
0
0
0
0
0
0
0
0
0
0
0
0
0
0
0
0
0
0
0
0
0
0
0
0
0
0
0
0
0
0
0
0
0
0
0
0
0
0
0
0
0
0
0
0
0
0
0
0
0
0
0
0
0
0
0
0
0
0
0
0
0
0
0
0
0
0
0
0
0
0
0
0
0
0
0
0
0
0
0
0
0
0
0
0
0
0
0
0
0
0
0
0
0
0
0
0
0
0
0
0
0
0
0
0
0
0
0
0
0
0
0
0
0
0
0
0
0
0
0
0
0
0
0
0
0
0
0
0
0
0
0
0
0
