0
0
0
0
0
0
0
0
0
0
0
0
0
0
0
0
0
0
0
0
0
0
0
0
0
0
0
0
0
0
0
0
0
0
0
0
0
0
0
0
0
0
0
0
0
0
0
0
0
0
0
0
0
0
0
0
0
0
0
0
0
0
0
0
0
0
0
0
0
0
0
0
0
0
0
0
0
0
0
0
0
0
0
0
0
0
0
0
0
0
0
0
0
0
0
0
0
0
0
0
0
0
0
0
0
0
0
0
0
0
0
0
0
0
0
0
0
0
0
0
0
0
0
0
0
0
0
0
0
0
0
0
0
0
0
0
0
0
0
0
0
0
0
0
0
0
0
0
0
0
0
0
0
0
0
0
0
0
0
0
0
0
0
0
0
0
0
0
0
0
0
0
0
0
0
0
0
0
0
0
0
0
0
0
0
0
0
0
0
0
0
0
0
0
0
0
0
0
0
0
0
0
0
0
0
0
0
0
0
0
0
0
0
0
0
0
0
0
0
0
0
0
0
0
0
0
0
0
0
0
0
0
0
0
0
0
0
0
0
0
0
0
0
0
0
0
0
0
0
0
0
0
0
0
0
0
0
0
0
0
0
0
0
0
0
0
0
0
0
0
0
0
0
0
0
0
0
0
0
0
0
0
0
0
0
0
0
0
0
0
0
0
0
0
0
0
0
0
0
0
0
0
0
0
0
0
0
0
0
0
0
0
0
0
0
0
0
0
0
0
0
0
0
0
0
0
0
0
0
0
0
0
0
0
0
0
0
0
0
0
0
0
0
0
0
0
0
0
0
0
0
0
0
0
0
0
0
0
0
0
0
0
0
0
0
0
0
0
0
0
0
0
0
0
0
0
0
0
0
0
0
0
0
0
0
0
0
0
0
0
0
0
0
0
0
0
0
0
0
0
0
0
0
0
0
0
0
0
0
0
0
0
0
0
0
0
0
0
0
0
0
0
0
0
0
0
0
0
0
0
0
0
0
0
0
0
0
0
0
0
0
0
0
0
0
0
0
0
0
0
0
0
0
0
0
0
0
0
0
0
0
0
0
0
0
0.016
0.016
0.016
0.016
0.016
0.016
0.016
0.032
0.032
0.032
0.032
0.048
0.048
0.064
0.064
0.08
0.08
0.096
0.112
0.128
0.128
0.144
0.144
0.16
0.176
0.176
0.192
0.192
0.208
0.224
0.24
0.256
0.288
0.32
0.352
0.4
0.432
0.448
0.448
0.448
0.448
0.48
0.48
0.528
0.56
0.592
0.624
0.672
0.672
0.688
0.752
0.816
0.848
0.832
0.896
0.88
0.88
0.864
0.896
0.976
0.976
0.944
1.008
1.072
1.072
1.088
1.12
1.168
1.2
1.232
1.216
1.2
1.152
1.168
1.152
1.184
1.28
1.264
1.2
1.184
1.168
1.28
1.264
1.28
1.232
1.184
1.168
1.216
1.232
1.232
1.248
1.232
1.28
1.296
1.328
1.424
1.52
1.52
1.488
1.536
1.552
1.616
1.584
1.616
1.712
1.728
1.744
1.744
1.728
1.776
1.744
1.808
1.776
1.76
1.872
1.952
2.08
1.888
1.792
1.84
1.856
1.808
1.792
1.856
2.016
2.112
2.32
2.256
2.096
2.064
2.064
2.144
2.096
2.144
2.288
2.352
2.24
2.192
2.128
2
2.064
2.16
2.256
2.16
2.24
2.352
2.32
2.384
2.352
2.304
2.288
2.32
2.288
2.288
2.208
2.384
2.656
2.592
2.48
2.688
2.688
2.656
2.656
2.64
2.656
2.576
2.544
2.432
2.176
1.936
1.808
1.616
1.632
1.552
1.328
1.136
1.152
1.392
1.792
2.256
2.704
2.912
3.04
3.088
3.04
3.232
3.216
3.184
3.216
3.216
3.488
3.552
3.776
3.728
3.36
3.232
3.264
3.152
3.072
2.976
2.912
2.976
3.328
3.328
3.36
3.296
3.456
3.728
3.52
3.52
3.36
3.264
3.392
3.392
3.264
3.04
3.216
3.088
3.088
2.928
2.784
2.688
2.656
2.736
2.832
2.752
2.624
2.512
2.464
2.432
2.48
2.624
2.656
2.656
2.624
2.512
2.448
2.4
2.368
2.384
2.384
2.368
2.32
2.304
2.4
2.432
2.464
2.576
2.656
2.688
2.64
2.624
2.656
2.528
2.464
2.544
2.544
2.688
2.784
2.928
2.88
3.072
3.184
3.152
3.152
3.008
2.832
2.832
2.8
2.8
2.848
2.88
2.88
2.848
2.912
2.976
3.008
2.976
2.88
2.736
2.688
2.656
2.64
2.912
3.04
2.64
2.544
2.592
2.688
2.976
3.232
3.152
2.832
2.528
2.448
2.528
2.64
2.704
2.704
2.64
2.64
2.528
2.528
2.48
2.464
2.464
2.576
2.592
2.592
2.528
2.576
2.832
2.8
2.96
2.96
2.976
2.928
2.8
2.832
2.784
2.912
2.752
2.624
2.592
2.528
2.512
2.432
2.64
2.688
2.704
2.64
2.384
2.208
2.16
2.112
2.112
2.176
2.272
2.304
2.304
2.256
2.144
2.128
2.128
2.112
2.112
2.128
2.16
2.208
2.272
2.368
2.512
2.64
2.64
2.48
2.32
2.256
2.352
2.368
2.352
2.304
2.464
2.48
2.576
2.48
2.352
2.208
2.16
2.272
2.288
2.32
2.384
2.448
2.368
2.368
2.48
2.448
2.24
2.208
2.256
2.256
2.16
2.096
2.128
2.192
2.256
2.288
2.368
2.176
2.032
2.048
2.112
2.096
1.984
1.856
1.872
1.952
1.888
1.872
1.824
1.776
1.84
2
1.904
1.856
1.808
1.728
1.616
1.568
1.648
1.744
1.696
1.536
1.584
1.584
1.52
1.6
1.6
1.568
1.552
1.552
1.504
1.424
1.44
1.36
1.424
1.344
1.28
1.296
1.216
1.104
1.056
1.056
1.04
1.024
1.04
1.04
1.04
1.024
1.008
1.024
1.04
1.04
1.024
1.024
1.008
1.024
1.072
1.072
1.088
1.12
1.088
1.04
1.04
1.024
0.976
0.944
0.864
0.816
0.768
0.752
0.72
0.704
0.672
0.656
0.656
0.656
0.624
0.608
0.576
0.576
0.56
0.528
0.512
0.496
0.464
0.448
0.416
0.4
0.384
0.384
0.368
0.368
0.352
0.336
0.336
0.32
0.304
0.304
0.304
0.304
0.288
0.272
0.24
0.24
0.224
0.224
0.192
0.192
0.176
0.16
0.144
0.128
0.128
0.128
0.112
0.112
0.096
0.096
0.08
0.08
0.08
0.064
0.064
0.064
0.048
0.048
0.048
0.048
0.048
0.032
0.032
0.032
0.032
0.016
0.016
0.016
0.016
0.016
0.016
0.016
0.016
0.016
0
0
0
0
0
0
0
0
0
0
0
0
0
0
0
0
0
0
0
0
0
0
0
0
0
0
0
0
0
0
0
0
0
0
0
0
0
0
0
0
0
0
0
0
0
0
0
0
0
0
0
0
0
0
0
0
0
0
0
0
0
0
0
0
0
0
0
0
0
0
0
0
0
0
0
0
0
0
0
0
0
0
0
0
0
0
0
0
0
0
0
0
0
0
0
0
0
0
0
0
0
0
0
0
0
0
0
0
0
0
0
0
0
0
0
0
0
0
0
0
0
0
0
0
0
0
0
0
0
0
0
0
0
0
0
0
0
0
0
0
0
0
0
0
0
0
0
0
0
0
0
0
0
0
0
0
0
0
0
0
0
0
0
0
0
0
0
0
0
0
0
0
0
0
0
0
0
0
0
0
0
0
0
0
0
0
0
0
0
0
0
0
0
0
0
0
0
0
0
0
0
0
0
0
0
0
0
0
0
0
0
0
0
0
0
0
0
0
0
0
0
0
0
0
0
0
0
0
0
0
0
0
0
0
0
0
0
0
0
0
0
0
0
0
0
0
0
0
0
0
0
0
0
0
0
0
0
0
0
0
0
0
0
0
0
0
0
0
0
0
0
0
0
0
0
0
0
0
0
0
0
0
0
0
0
0
0
0
0
0
0
0
0
0
0
0
0
0
0
0
0
0
0
0
0
0
0
0
0
0
0
0
0
0
0
0
0
0
0
0
0
0
0
0
0
0
0
0
0
0
0
0
0
0
0
0
0
0
0
0
0
0
0
0
0
0
0
0
0
0
0
0
0
0
0
0
0
0
0
0
0
0
0
0
0
0
0
0
0
0
0
0
0
0
0
0
0
0
0
0
0
0
0
0
0
0
0
0
0
0
0
0
0
0
0
0
0
0
0
0
0
0
0
0
0
0
0
0
0
0
0
0
0
0
0
0
0
0
0
0
0
0
0
0
0
0
0
0
0
0
0
0
0
0
0
0
0
0
0
0
0
0
