0
0
0
0
0
0
0
0
0
0
0
0
0
0
0
0
0
0
0
0
0
0
0
0
0
0
0
0
0
0
0
0
0
0
0
0
0
0
0
0
0
0
0
0
0
0
0
0
0
0
0
0
0
0
0
0
0
0
0
0
0
0
0
0
0
0
0
0
0
0
0
0
0
0
0
0
0
0
0
0
0
0
0
0
0
0
0
0
0
0
0
0
0
0
0
0
0
0
0
0
0
0
0
0
0
0
0
0
0
0
0
0
0
0
0
0
0
0
0
0
0
0
0
0
0
0
0
0
0
0
0
0
0
0
0
0
0
0
0
0
0
0
0
0
0
0
0
0
0
0
0
0
0
0
0
0
0
0
0
0
0
0
0
0
0
0
0
0
0
0
0
0
0
0
0
0
0
0
0
0
0
0
0
0
0
0
0
0
0
0
0
0
0
0
0
0
0
0
0
0
0
0
0
0
0
0
0
0
0
0
0
0
0
0
0
0
0
0
0
0
0
0
0
0
0
0
0
0
0
0
0
0
0
0
0
0
0
0
0
0
0
0
0
0
0
0
0
0
0
0
0
0
0
0
0
0
0
0
0
0
0
0
0
0
0
0
0
0
0
0
0
0
0
0
0
0
0
0
0
0
0
0
0
0
0
0
0
0
0
0
0
0
0
0
0
0
0
0
0
0
0
0
0
0
0
0
0
0
0
0
0
0
0
0
0
0
0
0
0
0
0
0
0
0
0
0
0
0
0
0
0
0
0
0
0
0
0
0
0
0
0
0
0
0
0
0
0
0
0
0
0
0
0
0
0
0
0
0
0
0
0
0
0
0
0
0
0
0
0
0
0
0
0
0
0
0
0
0
0
0
0
0
0
0
0
0
0
0
0
0
0
0
0
0
0
0
0
0
0
0
0
0
0
0
0
0
0
0
0
0
0
0
0
0
0
0
0
0
0
0
0
0
0
0
0
0
0
0
0
0
0
0
0
0
0
0
0
0
0
0
0
0
0
0
0
0
0
0
0
0
0
0
0
0
0
0.02035242
0.02035242
0.02035242
0.02035242
0.02035242
0.02035242
0.02035242
0.04070484
0.04070484
0.04070484
0.06105726
0.06105726
0.06105726
0.08140968
0.08140968
0.1017621
0.12211452
0.12211452
0.14246694
0.16281936
0.18317178
0.2035242
0.22387662
0.24422904
0.26458146
0.28493388
0.32563872
0.34599114
0.38669598
0.4070484
0.44775324
0.48845808
0.52916292
0.56986776
0.59022018
0.63092502
0.69198228
0.73268712
0.79374438
0.8140968
0.87515406
0.9158589
0.93621132
0.97691616
0.99726858
1.03797342
1.07867826
1.1193831
1.16008794
1.20079278
1.24149762
1.28220246
1.3229073
1.4246694
1.50607908
1.60784118
1.70960328
1.89277506
1.77066054
1.81136538
1.87242264
1.91312748
1.97418474
2.035242
2.07594684
2.11665168
2.1370041
2.17770894
2.2387662
2.32017588
2.38123314
2.48299524
2.56440492
2.68651944
2.70687186
2.78828154
2.78828154
2.8493388
2.93074848
3.13427268
3.01215816
3.052863
3.09356784
3.1546251
3.27673962
3.29709204
3.33779688
3.3581493
3.23603478
3.27673962
3.3581493
3.29709204
3.33779688
3.3581493
3.3581493
3.37850172
3.37850172
3.43955898
3.54132108
3.60237834
3.72449286
4.11118884
4.11118884
4.4775324
4.35541788
4.39612272
4.43682756
4.61999934
4.8845808
5.47480098
5.82079212
5.63762034
5.82079212
6.5127744
6.22784052
5.82079212
6.5127744
6.65524134
6.5127744
6.43136472
6.02431632
6.5127744
6.87911796
7.123347
6.8180607
7.30651878
6.57383166
6.8180607
7.46933814
7.75427202
7.67286234
7.95779622
9.03647448
8.46660672
9.158589
9.03647448
8.36484462
8.79224544
8.36484462
8.46660672
9.52493256
9.28070352
10.66466808
9.40281804
9.40281804
9.40281804
10.50184872
11.13277374
12.19109958
12.19109958
10.0744479
10.96995438
11.82475602
12.57779556
12.78131976
12.57779556
13.41224478
13.6361214
13.85999802
14.57233272
13.6361214
14.32810368
14.32810368
14.10422706
14.57233272
13.6361214
13.6361214
13.41224478
13.41224478
12.78131976
12.39462378
12.78131976
12.78131976
15.63065856
13.18836816
13.18836816
12.78131976
13.6361214
12.98484396
12.78131976
12.98484396
12.98484396
11.82475602
12.57779556
13.85999802
11.82475602
12.78131976
11.47876488
11.64158424
12.19109958
13.18836816
13.18836816
9.6673995
8.26308252
8.69048334
6.73665102
8.46660672
7.38792846
9.93198096
9.03647448
8.26308252
8.140968
8.79224544
9.03647448
8.36484462
9.158589
9.93198096
10.80713502
9.93198096
9.40281804
9.40281804
8.79224544
10.21691484
10.35938178
10.50184872
10.0744479
8.91435996
10.0744479
10.66466808
11.82475602
10.66466808
10.0744479
9.40281804
13.18836816
10.21691484
9.03647448
10.50184872
9.6673995
9.28070352
11.13277374
8.79224544
9.78951402
10.35938178
8.79224544
11.2955931
9.78951402
10.50184872
11.82475602
10.96995438
10.80713502
9.78951402
11.13277374
11.64158424
7.95779622
8.140968
9.6673995
10.0744479
9.78951402
10.80713502
13.41224478
7.85603412
9.6673995
9.40281804
7.95779622
8.79224544
11.47876488
10.0744479
8.79224544
6.65524134
8.140968
8.46660672
10.80713502
8.56836882
7.38792846
7.04193732
6.73665102
9.28070352
5.88184938
7.57110024
7.38792846
6.87911796
7.38792846
8.56836882
7.04193732
5.63762034
5.53585824
6.14643084
6.43136472
6.65524134
6.73665102
6.65524134
6.28889778
6.14643084
5.63762034
7.2251091
7.75427202
6.37030746
6.57383166
5.1898671
6.14643084
6.02431632
5.82079212
6.96052764
6.65524134
5.53585824
7.75427202
5.25092436
5.31198162
6.22784052
5.41374372
6.57383166
5.6986776
6.37030746
6.22784052
4.70140902
5.75973486
5.88184938
6.57383166
6.96052764
5.04740016
4.9863429
4.94563806
5.82079212
6.87911796
6.73665102
6.14643084
7.57110024
7.95779622
6.02431632
5.04740016
4.94563806
4.74211386
5.25092436
5.31198162
4.39612272
4.39612272
4.19259852
3.9687219
4.09083642
5.47480098
5.88184938
5.31198162
4.19259852
4.84387596
4.94563806
5.31198162
4.31471304
4.80317112
3.90766464
4.35541788
4.09083642
3.8669598
4.19259852
4.5792945
3.78555012
4.43682756
3.7651977
3.9687219
3.92801706
4.4775324
4.9863429
4.51823724
4.19259852
4.70140902
4.66070418
4.23330336
4.11118884
4.05013158
3.70414044
3.82625496
4.35541788
4.5792945
4.5792945
3.9687219
4.31471304
3.9687219
4.23330336
4.19259852
4.09083642
4.00942674
3.8669598
3.78555012
3.78555012
3.92801706
3.54132108
3.8669598
3.90766464
4.11118884
5.47480098
5.41374372
5.41374372
5.31198162
5.31198162
5.31198162
5.25092436
5.1898671
5.1898671
5.14916226
5.14916226
5.088105
5.04740016
5.04740016
5.04740016
5.04740016
4.9863429
4.9863429
4.94563806
4.94563806
4.94563806
4.8845808
4.8845808
4.84387596
4.84387596
4.84387596
4.80317112
4.74211386
4.70140902
4.70140902
4.66070418
4.66070418
4.61999934
4.61999934
4.26
4.26
3.81
3.81
3.75
3.75
3.75
3.75
3.75
3.75
3.75
3.75
3.75
3.68
3.68
3.68
3.68
3.62
3.62
3.56
3.62
3.56
3.5
3.5
3.5
3.44
3.44
3.38
3.38
3.38
3.32
3.22
3.17
3.07
3.02
2.97
2.93
2.93
2.88
2.84
2.72722428
3.09356784
2.99180574
2.93074848
2.89004364
2.8493388
2.78828154
2.76792912
2.72722428
2.70687186
2.66616702
2.62546218
2.58475734
2.5440525
2.50334766
2.46264282
2.4422904
2.40158556
2.36088072
2.36088072
2.29982346
2.25911862
2.2387662
2.19806136
2.17770894
2.15735652
2.15735652
2.15735652
2.17770894
2.19806136
2.2387662
2.25911862
2.29982346
2.29982346
2.27947104
2.2387662
2.19806136
1.58748876
2.09629926
2.05559442
2.01488958
1.95383232
1.9334799
1.87242264
1.8317178
1.77066054
1.70960328
1.6281936
1.56713634
1.50607908
1.44502182
1.38396456
1.3229073
1.26185004
1.20079278
1.13973552
1.07867826
1.017621
0.95656374
0.9158589
0.85480164
0.8140968
0.77339196
0.7123347
0.67162986
0.63092502
0.59022018
0.54951534
0.5088105
0.46810566
0.42740082
0.4070484
0.36634356
0.34599114
0.3052863
0.28493388
0.26458146
0.24422904
0.22387662
0.2035242
0.18317178
0.16281936
0.14246694
0.12211452
0.1017621
0.1017621
0.08140968
0.08140968
0.06105726
0.06105726
0.04070484
0.04070484
0.04070484
0.04070484
0.02035242
0.02035242
0.02035242
0.02035242
0.02035242
0.02035242
0.02035242
0
0
0
0
0
0
0
0
0
0
0
0
0
0
0
0
0
0
0
0
0
0
0
0
0
0
0
0
0
0
0
0
0
0
0
0
0
0
0
0
0
0
0
0
0
0
0
0
0
0
0
0
0
0
0
0
0
0
0
0
0
0
0
0
0
0
0
0
0
0
0
0
0
0
0
0
0
0
0
0
0
0
0
0
0
0
0
0
0
0
0
0
0
0
0
0
0
0
0
0
0
0
0
0
0
0
0
0
0
0
0
0
0
0
0
0
0
0
0
0
0
0
0
0
0
0
0
0
0
0
0
0
0
0
0
0
0
0
0
0
0
0
0
0
0
0
0
0
0
0
0
0
0
0
0
0
0
0
0
0
0
0
0
0
0
0
0
0
0
0
0
0
0
0
0
0
0
0
0
0
0
0
0
0
0
0
0
0
0
0
0
0
0
0
0
0
0
0
0
0
0
0
0
0
0
0
0
0
0
0
0
0
0
0
0
0
0
0
0
0
0
0
0
0
0
0
0
0
0
0
0
0
0
0
0
0
0
0
0
0
0
0
0
0
0
0
0
0
0
0
0
0
0
0
0
0
0
0
0
0
0
0
0
0
0
0
0
0
0
0
0
0
0
0
0
0
0
0
0
0
0
0
0
0
0
0
0
0
0
0
0
0
0
0
0
0
0
0
0
0
0
0
0
0
0
0
0
0
0
0
0
0
0
0
0
0
0
0
0
0
0
0
0
0
0
0
0
0
0
0
0
0
0
0
0
0
0
0
0
0
0
0
0
0
0
0
0
0
0
0
0
0
0
0
0
0
0
0
0
0
0
0
0
0
0
0
0
0
0
0
0
0
0
0
0
0
0
0
0
0
0
0
0
0
0
0
0
0
0
0
0
0
0
0
0
0
0
0
0
0
0
0
0
0
0
0
0
0
0
0
0
0
0
0
0
0
0
0
0
0
0
0
0
0
0
0
0
0
0
0
0
0
