0
0
0
0
0
0
0
0
0
0
0
0
0
0
0
0
0
0
0
0
0
0
0
0
0
0
0
0
0
0
0
0
0
0
0
0
0
0
0
0
0
0
0
0
0
0
0
0
0
0
0
0
0
0
0
0
0
0
0
0
0
0
0
0
0
0
0
0
0
0
0
0
0
0
0
0
0
0
0
0
0
0
0
0
0
0
0
0
0
0
0
0
0
0
0
0
0
0
0
0
0
0
0
0
0
0
0
0
0
0
0
0
0
0
0
0
0
0
0
0
0
0
0
0
0
0
0
0
0
0
0
0
0
0
0
0
0
0
0
0
0
0
0
0
0
0
0
0
0
0
0
0
0
0
0
0
0
0
0
0
0
0
0
0
0
0
0
0
0
0
0
0
0
0
0
0
0
0
0
0
0
0
0
0
0
0
0
0
0
0
0
0
0
0
0
0
0
0
0
0
0
0
0
0
0
0
0
0
0
0
0
0
0
0
0
0
0
0
0
0
0
0
0
0
0
0
0
0
0
0
0
0
0
0
0
0
0
0
0
0
0
0
0
0
0
0
0
0
0
0
0
0
0
0
0
0
0
0
0
0
0
0
0
0
0
0
0
0
0
0
0
0
0
0
0
0
0
0
0
0
0
0
0
0
0
0
0
0
0
0
0
0
0
0
0
0
0
0
0
0
0
0
0
0
0
0
0
0
0
0
0
0
0
0
0
0
0
0
0
0
0
0
0
0
0
0
0
0
0
0
0
0
0
0
0
0
0
0
0
0
0
0
0
0
0
0
0
0
0
0
0
0
0
0
0
0
0
0
0
0
0
0
0
0
0
0
0
0
0
0
0
0
0
0
0
0
0
0
0
0
0
0
0
0
0
0
0
0
0
0
0
0
0
0
0
0
0
0
0
0
0
0
0
0
0
0
0
0
0
0
0
0
0
0
0
0
0
0
0
0
0
0
0
0
0
0
0
0
0
0
0
0
0
0
0
0
0
0
0
0
0
0
0
0
0
0
0
0
0
0
0
0
0
0
0
0
0
0
0
0
0.012
0.012
0.012
0.012
0.012
0.012
0.024
0.024
0.036
0.036
0.048
0.06
0.072
0.072
0.084
0.084
0.096
0.108
0.12
0.144
0.168
0.18
0.18
0.204
0.216
0.24
0.264
0.288
0.312
0.336
0.372
0.408
0.456
0.492
0.516
0.552
0.588
0.6
0.636
0.672
0.72
0.744
0.816
0.96
1.08
1.272
1.476
1.608
1.704
1.764
1.728
1.596
1.464
1.32
1.308
1.32
1.428
1.548
1.62
1.764
1.884
2.028
2.16
2.304
2.364
2.34
2.28
2.184
2.136
2.16
2.304
2.304
2.424
2.412
2.472
2.316
2.196
2.184
2.22
2.34
2.388
2.412
2.568
2.832
2.88
2.916
2.724
2.94
3.036
2.856
3
3.132
3.036
3.264
3.264
3.192
3.624
3.552
3.06
3.132
3.132
3.096
3.324
3.228
3.192
3.324
4.056
4.02
3.588
3.516
4.356
4.308
4.2
3.624
4.356
4.692
4.356
3.876
3.84
3.156
3.36
2.772
3.396
3.672
2.856
2.94
3.156
3
3
3.468
3.672
3.876
4.02
3.84
4.152
4.524
4.308
4.572
4.26
3.972
4.464
5.256
4.632
3.3
2.7
2.568
2.568
2.772
3.096
3.432
4.26
5.052
5.616
5.544
5.328
4.524
5.7
5.94
4.104
4.056
3.792
3.672
4.02
4.056
4.8
3.972
5.328
3.84
5.124
5.124
4.464
4.872
3.3
3.228
3.132
3.036
2.976
3.06
3.096
2.7
2.424
2.412
2.424
2.52
2.772
3
3.192
3.132
3.192
3.324
3.624
3.876
4.104
3.924
3.924
3.972
4.02
3.792
3.432
3.264
3.36
3.672
3.84
3.972
4.02
3.972
3.792
3.84
4.02
3.924
3.708
3.624
3.624
3.624
3.36
3.132
2.976
2.88
2.916
3.3
3.924
4.152
4.152
3.708
3.36
3.396
3.672
4.152
4.872
5.184
4.8
4.932
5.124
5.184
5.4
5.472
5.616
5.256
5.7
6.768
6.192
6.66
6.108
6.108
5.94
6.372
6.288
6.024
5.544
5.052
4.872
4.752
5.184
4.8
4.932
5.052
4.992
4.992
5.4
5.256
5.4
5.124
4.992
4.932
5.052
5.256
5.616
5.184
5.184
5.184
5.052
4.872
4.932
5.184
5.4
5.052
4.524
4.308
4.356
4.932
4.932
4.872
4.872
4.872
5.256
4.992
4.632
4.356
4.404
4.464
4.464
4.8
4.8
4.632
4.356
4.2
4.356
4.524
4.692
4.308
3.708
3.588
3.672
3.876
4.26
4.572
4.8
4.8
4.572
4.356
4.02
3.708
3.516
3.36
3.3
3.192
3.156
3.06
3.06
3
2.88
2.724
2.7
2.7
2.832
2.856
2.796
2.976
2.916
2.772
2.616
2.496
2.448
2.412
2.472
2.448
2.388
2.28
2.232
2.316
2.52
2.7
2.832
3
3.156
3.264
3.156
2.916
2.94
3.06
2.832
2.724
2.772
2.88
2.796
2.748
2.724
2.748
2.772
2.88
2.916
2.748
2.496
2.34
2.388
2.544
2.592
2.496
2.52
2.88
3.36
3.624
3.924
3.972
3.876
3.792
3.876
4.104
4.464
4.572
4.524
4.464
3.876
3.468
3.624
3.972
4.308
4.572
4.632
4.872
5.052
4.932
4.932
4.632
4.572
4.692
4.632
4.752
4.872
4.308
3.972
3.876
3.672
3.552
3.624
3.624
3.624
3.588
3.588
3.672
3.672
3.672
3.516
3.3
3.06
3.096
3.06
2.976
2.916
2.916
2.88
2.856
2.916
2.94
3
2.976
3.096
3.132
3
2.976
3.192
3.096
3.192
3.228
3.264
3.3
3.192
3
2.796
2.64
2.616
2.664
2.664
2.496
2.412
2.316
2.196
1.932
1.74
1.512
1.404
1.476
1.5
1.452
1.428
1.392
1.356
1.26
1.2
1.104
0.996
0.924
0.876
0.924
1.02
1.056
0.972
0.996
0.912
0.9
0.96
0.888
0.828
0.792
0.708
0.72
0.732
0.792
0.792
0.768
0.732
0.672
0.66
0.66
0.612
0.564
0.588
0.564
0.528
0.528
0.516
0.48
0.48
0.468
0.444
0.408
0.372
0.324
0.288
0.276
0.264
0.24
0.216
0.204
0.18
0.168
0.144
0.12
0.108
0.108
0.096
0.084
0.072
0.072
0.06
0.048
0.048
0.048
0.048
0.036
0.036
0.024
0.024
0.024
0.012
0.012
0.012
0.012
0.012
0.012
0.012
0.012
0
0
0
0
0
0
0
0
0
0
0
0
0
0
0
0
0
0
0
0
0
0
0
0
0
0
0
0
0
0
0
0
0
0
0
0
0
0
0
0
0
0
0
0
0
0
0
0
0
0
0
0
0
0
0
0
0
0
0
0
0
0
0
0
0
0
0
0
0
0
0
0
0
0
0
0
0
0
0
0
0
0
0
0
0
0
0
0
0
0
0
0
0
0
0
0
0
0
0
0
0
0
0
0
0
0
0
0
0
0
0
0
0
0
0
0
0
0
0
0
0
0
0
0
0
0
0
0
0
0
0
0
0
0
0
0
0
0
0
0
0
0
0
0
0
0
0
0
0
0
0
0
0
0
0
0
0
0
0
0
0
0
0
0
0
0
0
0
0
0
0
0
0
0
0
0
0
0
0
0
0
0
0
0
0
0
0
0
0
0
0
0
0
0
0
0
0
0
0
0
0
0
0
0
0
0
0
0
0
0
0
0
0
0
0
0
0
0
0
0
0
0
0
0
0
0
0
0
0
0
0
0
0
0
0
0
0
0
0
0
0
0
0
0
0
0
0
0
0
0
0
0
0
0
0
0
0
0
0
0
0
0
0
0
0
0
0
0
0
0
0
0
0
0
0
0
0
0
0
0
0
0
0
0
0
0
0
0
0
0
0
0
0
0
0
0
0
0
0
0
0
0
0
0
0
0
0
0
0
0
0
0
0
0
0
0
0
0
0
0
0
0
0
0
0
0
0
0
0
0
0
0
0
0
0
0
0
0
0
0
0
0
0
0
0
0
0
0
0
0
0
0
0
0
0
0
0
0
0
0
0
0
0
0
0
0
0
0
0
0
0
0
0
0
0
0
0
0
0
0
0
0
0
0
0
0
0
0
0
0
0
0
0
0
0
0
0
0
0
0
0
0
0
0
0
0
0
0
0
0
0
0
0
0
0
0
0
0
0
0
0
0
0
0
0
0
0
0
0
0
0
0
0
0
0
0
0
0
0
0
0
0
0
0
0
0
0
0
