0
0
0
0
0
0
0
0
0
0
0
0
0
0
0
0
0
0
0
0
0
0
0
0
0
0
0
0
0
0
0
0
0
0
0
0
0
0
0
0
0
0
0
0
0
0
0
0
0
0
0
0
0
0
0
0
0
0
0
0
0
0
0
0
0
0
0
0
0
0
0
0
0
0
0
0
0
0
0
0
0
0
0
0
0
0
0
0
0
0
0
0
0
0
0
0
0
0
0
0
0
0
0
0
0
0
0
0
0
0
0
0
0
0
0
0
0
0
0
0
0
0
0
0
0
0
0
0
0
0
0
0
0
0
0
0
0
0
0
0
0
0
0
0
0
0
0
0
0
0
0
0
0
0
0
0
0
0
0
0
0
0
0
0
0
0
0
0
0
0
0
0
0
0
0
0
0
0
0
0
0
0
0
0
0
0
0
0
0
0
0
0
0
0
0
0
0
0
0
0
0
0
0
0
0
0
0
0
0
0
0
0
0
0
0
0
0
0
0
0
0
0
0
0
0
0
0
0
0
0
0
0
0
0
0
0
0
0
0
0
0
0
0
0
0
0
0
0
0
0
0
0
0
0
0
0
0
0
0
0
0
0
0
0
0
0
0
0
0
0
0
0
0
0
0
0
0
0
0
0
0
0
0
0
0
0
0
0
0
0
0
0
0
0
0
0
0
0
0
0
0
0
0
0
0
0
0
0
0
0
0
0
0
0
0
0
0
0
0
0
0
0
0
0
0
0
0
0
0
0
0
0
0
0
0
0
0
0
0
0
0
0
0
0
0
0
0
0
0
0
0
0
0
0
0
0
0
0
0
0
0
0
0
0
0
0
0
0
0
0
0
0
0
0
0
0
0
0
0
0
0
0
0
0
0
0
0
0
0
0
0
0
0
0
0
0
0
0
0
0
0
0
0
0
0
0
0
0
0
0
0
0
0
0
0
0
0
0
0
0
0
0
0
0
0
0
0
0
0
0
0
0
0
0
0
0
0
0
0
0
0
0
0
0
0
0
0
0
0
0
0
0
0
0
0
0
0
0
0
0
0
0
0
0
0
0.01
0.01
0.01
0.01
0.01
0.01
0.02
0.02
0.02
0.02
0.03
0.03
0.03
0.03
0.03
0.03
0.02
0.03
0.03
0.03
0.04
0.05
0.05
0.05
0.06
0.07
0.08
0.09
0.11
0.13
0.15
0.16
0.16
0.18
0.2
0.22
0.24
0.27
0.29
0.31
0.32
0.33
0.32
0.32
0.32
0.31
0.3
0.28
0.26
0.26
0.26
0.26
0.24
0.21
0.2
0.21
0.25
0.3
0.34
0.37
0.41
0.46
0.51
0.54
0.55
0.53
0.51
0.48
0.5
0.55
0.59
0.65
0.69
0.71
0.74
0.81
0.94
1.06
1.16
1.22
1.21
1.16
1.1
1.07
1.06
1.03
1.06
1.11
1.2
1.3
1.41
1.52
1.59
1.68
1.8
1.95
2.08
2.18
2.22
2.22
2.22
2.16
2.12
2.1
2.08
2.1
2.16
2.16
2.1
2.04
2.02
2.01
2.02
2.06
2.14
2.29
2.4
2.53
2.63
2.72
2.77
2.83
2.86
2.86
2.86
2.86
2.93
2.96
2.99
2.99
3.02
3.02
3.09
3.13
3.13
3.16
3.2
3.23
3.31
3.27
3.27
3.31
3.23
3.09
2.93
2.75
2.61
2.55
2.58
2.75
2.86
2.96
3.02
3.09
3.13
3.02
2.99
3.02
3.09
3.16
3.2
3.23
3.31
3.46
3.72
3.86
3.96
4
4.16
4.16
4.16
4.16
4.16
4.06
4.06
4
3.91
3.81
3.77
3.77
3.72
3.67
3.67
3.63
3.55
3.55
3.5
3.42
3.42
3.35
3.42
3.59
3.77
3.86
4.06
4.21
4.32
4.38
4.38
4.38
4.68
4.68
4.75
4.75
4.75
4.68
4.68
4.68
4.68
4.62
4.62
4.68
4.68
4.75
4.75
4.81
4.95
5.02
5.09
5.24
5.31
5.39
5.47
5.55
5.72
5.99
6.18
6.28
6.38
6.59
6.81
6.93
7.04
7.04
7.29
7.55
7.55
7.82
7.68
7.42
7.29
7.29
7.29
7.16
7.16
7.16
7.04
6.93
6.93
6.81
6.59
6.48
6.28
6.28
6.18
5.99
5.72
5.9
6.09
6.09
6.09
6.09
5.99
5.72
5.64
5.72
5.55
5.09
4.68
4.5
4.21
3.67
3.31
3.27
2.83
2.33
2.12
2.16
2.08
1.58
1.3
1.02
0.9
0.88
0.84
0.89
1.14
1.35
1.44
1.88
2.02
1.86
1.36
1.29
1.25
1.21
1.12
1.3
1.59
2.33
2.86
2.93
2.89
2.36
2.14
1.95
2.04
2.58
2.93
3.5
4.16
4.11
3.86
3.63
3.42
3.5
3.55
3.72
3.67
3.46
3.5
3.27
3.31
3.35
3.42
3.38
3.5
3.59
3.72
3.86
3.96
4
4
3.91
3.91
3.91
4
4.11
4
3.86
3.81
3.86
3.96
3.91
3.72
3.35
2.89
2.43
2.4
2.55
2.66
2.4
2.63
3.06
2.8
2.61
2.8
3.2
3.2
3.13
2.55
1.99
1.64
1.4
1.31
1.48
1.71
1.65
1.57
1.61
1.21
0.66
0.52
0.47
0.64
0.71
0.58
0.59
0.61
0.61
0.74
0.91
1.38
1.99
2.04
1.72
1.66
1.92
2.33
2.66
2.86
2.93
2.89
2.83
2.72
2.66
2.75
2.61
2.38
2.2
2.06
2.06
2.12
2.22
2.27
2.22
2.08
1.92
1.8
1.77
1.66
1.68
1.78
1.77
1.62
1.41
1.35
1.49
1.61
1.66
1.83
2.02
2.2
2.36
2.45
2.38
2.18
1.97
1.8
1.74
1.74
1.75
1.72
1.65
1.53
1.49
1.53
1.48
1.33
1.31
1.24
1.3
1.47
1.61
1.75
1.77
1.85
2.01
1.97
2.02
2.06
2.1
2.1
2.06
2.06
2.08
2.1
2.29
2.16
2.27
2.33
2.38
2.29
2.3
2.3
2.3
2.3
2.3
2.29
1.81
1.79
1.79
1.73
1.65
1.58
1.53
1.52
1.47
1.39
1.34
1.29
1.26
1.26
1.25
1.24
1.24
1.21
1.18
1.15
1.11
1.08
1.06
1.04
1.01
0.97
0.92
0.87
0.79
0.67
0.49
0.35
0.35
0.38
0.36
0.34
0.3
0.26
0.23
0.21
0.19
0.16
0.12
0.09
0.08
0.08
0.1
0.11
0.1
0.09
0.08
0.08
0.07
0.06
0.05
0.04
0.03
0.03
0.02
0.02
0.02
0.01
0.01
0.01
0.01
0.01
0
0
0
0
0
0
0
0
0
0
0
0
0
0
0
0
0
0
0
0
0
0
0
0
0
0
0
0
0
0
0
0
0
0
0
0
0
0
0
0
0
0
0
0
0
0
0
0
0
0
0
0
0
0
0
0
0
0
0
0
0
0
0
0
0
0
0
0
0
0
0
0
0
0
0
0
0
0
0
0
0
0
0
0
0
0
0
0
0
0
0
0
0
0
0
0
0
0
0
0
0
0
0
0
0
0
0
0
0
0
0
0
0
0
0
0
0
0
0
0
0
0
0
0
0
0
0
0
0
0
0
0
0
0
0
0
0
0
0
0
0
0
0
0
0
0
0
0
0
0
0
0
0
0
0
0
0
0
0
0
0
0
0
0
0
0
0
0
0
0
0
0
0
0
0
0
0
0
0
0
0
0
0
0
0
0
0
0
0
0
0
0
0
0
0
0
0
0
0
0
0
0
0
0
0
0
0
0
0
0
0
0
0
0
0
0
0
0
0
0
0
0
0
0
0
0
0
0
0
0
0
0
0
0
0
0
0
0
0
0
0
0
0
0
0
0
0
0
0
0
0
0
0
0
0
0
0
0
0
0
0
0
0
0
0
0
0
0
0
0
0
0
0
0
0
0
0
0
0
0
0
0
0
0
0
0
0
0
0
0
0
0
0
0
0
0
0
0
0
0
0
0
0
0
0
0
0
0
0
0
0
0
0
0
0
0
0
0
0
0
0
0
0
0
0
0
0
0
0
0
0
0
0
0
0
0
0
0
0
0
0
0
0
0
0
0
0
0
0
0
0
0
0
0
0
0
0
0
0
0
0
0
0
0
0
0
0
0
0
0
0
0
0
0
0
0
0
0
0
0
0
0
0
0
0
0
0
0
0
0
0
0
0
0
0
0
0
0
0
0
0
0
0
0
0
0
0
0
0
0
0
0
0
0
0
0
0
0
0
0
0
0
0
0
0
0
0
0
0
0
0
0
0
0
0
0
0
0
0
0
