0
0
0
0
0
0
0
0
0
0
0
0
0
0
0
0
0
0
0
0
0
0
0
0
0
0
0
0
0
0
0
0
0
0
0
0
0
0
0
0
0
0
0
0
0
0
0
0
0
0
0
0
0
0
0
0
0
0
0
0
0
0
0
0
0
0
0
0
0
0
0
0
0
0
0
0
0
0
0
0
0
0
0
0
0
0
0
0
0
0
0
0
0
0
0
0
0
0
0
0
0
0
0
0
0
0
0
0
0
0
0
0
0
0
0
0
0
0
0
0
0
0
0
0
0
0
0
0
0
0
0
0
0
0
0
0
0
0
0
0
0
0
0
0
0
0
0
0
0
0
0
0
0
0
0
0
0
0
0
0
0
0
0
0
0
0
0
0
0
0
0
0
0
0
0
0
0
0
0
0
0
0
0
0
0
0
0
0
0
0
0
0
0
0
0
0
0
0
0
0
0
0
0
0
0
0
0
0
0
0
0
0
0
0
0
0
0
0
0
0
0
0
0
0
0
0
0
0
0
0
0
0
0
0
0
0
0
0
0
0
0
0
0
0
0
0
0
0
0
0
0
0
0
0
0
0
0
0
0
0
0
0
0
0
0
0
0
0
0
0
0
0
0
0
0
0
0
0
0
0
0
0
0
0
0
0
0
0
0
0
0
0
0
0
0
0
0
0
0
0
0
0
0
0
0
0
0
0
0
0
0
0
0
0
0
0
0
0
0
0
0
0
0
0
0
0
0
0
0
0
0
0
0
0
0
0
0
0
0
0
0
0
0
0
0
0
0
0
0
0
0
0
0
0
0
0
0
0
0
0
0
0
0
0
0
0
0
0
0
0
0
0
0
0
0
0
0
0
0
0
0
0
0
0
0
0
0
0
0
0
0
0
0
0
0
0
0
0
0
0
0
0
0
0
0
0
0
0
0
0
0
0
0
0
0
0
0
0
0
0
0
0
0
0
0
0
0
0.01
0.01
0.01
0.01
0.01
0.01
0.01
0.01
0.02
0.02
0.02
0.03
0.03
0.04
0.04
0.05
0.05
0.06
0.07
0.07
0.07
0.08
0.08
0.09
0.1
0.11
0.12
0.12
0.13
0.14
0.15
0.16
0.17
0.18
0.19
0.2
0.21
0.22
0.23
0.24
0.25
0.26
0.27
0.28
0.29
0.3
0.31
0.32
0.33
0.34
0.35
0.36
0.38
0.39
0.39
0.4
0.42
0.44
0.45
0.44
0.44
0.45
0.45
0.46
0.48
0.5
0.51
0.53
0.54
0.53
0.56
0.59
0.61
0.59
0.58
0.66
0.75
0.78
0.73
0.68
0.65
0.66
0.7
0.77
0.84
0.79
0.74
0.79
0.85
0.96
1.03
1.01
1
1.07
1.2
1.29
1.31
1.34
1.35
1.39
1.41
1.42
1.44
1.47
1.48
1.5
1.52
1.53
1.57
1.55
1.57
1.6
1.62
1.64
1.65
1.67
1.69
1.71
1.73
1.73
1.77
1.77
1.81
1.81
1.83
1.86
1.88
1.88
1.9
1.92
1.95
1.97
2
2.02
2.05
2.07
2.1
2.1
2.12
2.15
2.18
2.18
2.18
2.21
2.21
2.24
2.27
2.3
2.33
2.33
2.36
2.36
2.36
2.39
2.42
2.42
2.46
2.46
2.49
2.49
2.49
2.53
2.56
2.56
2.6
2.6
2.64
2.64
2.64
2.68
2.72
2.72
2.76
2.76
2.76
2.8
2.8
2.84
2.84
2.84
2.88
2.88
2.93
2.93
2.97
2.97
3.02
3.02
3.02
3.02
3.07
3.07
3.12
3.12
3.12
3.12
3.17
3.17
3.22
3.22
3.22
3.27
3.27
3.27
3.27
3.32
3.32
3.32
3.32
3.38
3.38
3.38
3.44
3.44
3.44
3.5
3.5
3.5
3.56
3.56
3.56
3.56
3.62
3.62
3.62
3.62
3.68
3.68
3.68
3.75
3.75
3.75
3.75
3.75
3.75
3.81
3.81
3.88
3.88
3.88
3.81
3.88
3.88
3.88
3.88
3.96
3.96
3.96
3.96
3.96
3.96
4.03
4.03
4.03
4.03
4.03
4.03
4.11
4.11
4.11
4.11
4.11
4.11
4.11
4.18
4.18
4.18
4.18
4.18
4.18
4.26
4.18
4.26
4.26
3.88
2.42
1.57
1.23
0.99
0.98
0.99
0.98
0.98
1
1.15
1.38
1.69
1.92
1.38
1.03
1.44
1.31
1.02
0.96
0.97
0.98
1.11
1.41
1.09
1.24
2.02
2.56
2.6
2.3
1.81
1.83
2
2.42
2.49
3.22
3.75
4.03
4.35
4.26
3.56
3.02
2.56
1.39
1.01
1.11
0.99
1.21
1.81
1.81
1.19
1.05
1.03
1.39
1.64
1.37
1.77
1.64
1.39
1.16
1.09
1.27
1.27
1.2
1.83
2.56
2.56
1.73
1.52
1.15
0.97
1.07
1.55
2.53
2.49
1.65
0.99
0.97
0.98
0.98
0.99
0.97
1.05
1.13
1.01
0.97
0.97
0.97
0.98
0.98
0.98
0.98
0.98
0.98
0.98
0.98
0.98
0.98
0.98
0.97
0.97
0.98
1.08
1.11
2.02
3.68
4.52
4.71
4.81
4.81
4.81
4.81
4.71
4.71
4.71
4.71
4.71
4.52
4.52
4.52
4.52
4.52
4.52
4.52
4.52
4.43
4.43
4.43
4.43
4.43
4.43
3.81
2.27
0.91
0.91
0.9
0.9
0.9
0.9
0.9
0.9
0.9
0.9
0.9
0.9
0.9
0.9
0.9
0.9
0.9
0.9
0.9
0.9
0.9
0.9
0.9
0.9
0.9
0.9
0.9
0.9
0.89
0.9
0.89
0.89
0.89
0.89
0.9
0.9
0.9
0.89
0.89
0.88
0.87
0.87
0.87
0.87
0.87
0.87
0.87
0.87
0.86
0.86
0.86
0.86
0.87
0.87
0.87
0.87
0.87
0.87
0.87
0.88
0.89
0.89
0.9
0.9
0.91
0.92
0.93
0.93
0.94
0.95
0.96
0.96
0.97
0.97
0.98
0.98
0.99
0.99
0.99
0.99
0.99
1
1.01
1.03
1.06
1.09
1.11
1.12
1.13
1.14
1.15
1.16
1.17
1.19
1.2
1.2
1.2
1.21
1.24
1.24
1.24
1.24
1.23
1.21
1.21
1.2
1.2
1.2
1.2
1.2
1.2
1.2
1.19
1.18
1.15
1.13
1.11
1.09
1.07
1.05
1.04
1.04
1.04
1.03
1.02
1.01
1
0.99
0.98
0.98
0.97
0.97
0.96
0.95
0.94
0.93
0.91
0.9
0.87
0.85
0.83
0.81
0.79
0.77
0.75
0.74
0.71
0.7
0.67
0.65
0.62
0.6
0.58
0.56
0.54
0.52
0.5
0.48
0.47
0.45
0.43
0.41
0.4
0.38
0.35
0.33
0.31
0.29
0.27
0.25
0.23
0.22
0.2
0.19
0.18
0.17
0.16
0.15
0.15
0.14
0.13
0.13
0.12
0.12
0.11
0.11
0.1
0.1
0.1
0.09
0.09
0.08
0.07
0.06
0.06
0.05
0.04
0.04
0.03
0.03
0.03
0.02
0.02
0.02
0.02
0.02
0.01
0.01
0.01
0.01
0.01
0.01
0
0
0
0
0
0
0
0
0
0
0
0
0
0
0
0
0
0
0
0
0
0
0
0
0
0
0
0
0
0
0
0
0
0
0
0
0
0
0
0
0
0
0
0
0
0
0
0
0
0
0
0
0
0
0
0
0
0
0
0
0
0
0
0
0
0
0
0
0
0
0
0
0
0
0
0
0
0
0
0
0
0
0
0
0
0
0
0
0
0
0
0
0
0
0
0
0
0
0
0
0
0
0
0
0
0
0
0
0
0
0
0
0
0
0
0
0
0
0
0
0
0
0
0
0
0
0
0
0
0
0
0
0
0
0
0
0
0
0
0
0
0
0
0
0
0
0
0
0
0
0
0
0
0
0
0
0
0
0
0
0
0
0
0
0
0
0
0
0
0
0
0
0
0
0
0
0
0
0
0
0
0
0
0
0
0
0
0
0
0
0
0
0
0
0
0
0
0
0
0
0
0
0
0
0
0
0
0
0
0
0
0
0
0
0
0
0
0
0
0
0
0
0
0
0
0
0
0
0
0
0
0
0
0
0
0
0
0
0
0
0
0
0
0
0
0
0
0
0
0
0
0
0
0
0
0
0
0
0
0
0
0
0
0
0
0
0
0
0
0
0
0
0
0
0
0
0
0
0
0
0
0
0
0
0
0
0
0
0
0
0
0
0
0
0
0
0
0
0
0
0
0
0
0
0
0
0
0
0
0
0
0
0
0
0
0
0
0
0
0
0
0
0
0
0
0
0
0
0
0
0
0
0
0
0
0
0
0
0
0
0
0
0
0
0
0
0
0
0
0
0
0
0
0
0
0
0
0
0
0
0
0
0
0
0
0
0
0
0
0
0
0
0
0
0
0
0
0
0
0
0
0
0
0
0
0
0
0
0
0
0
0
0
0
