0
0
0
0
0
0
0
0
0
0
0
0
0
0
0
0
0
0
0
0
0
0
0
0
0
0
0
0
0
0
0
0
0
0
0
0
0
0
0
0
0
0
0
0
0
0
0
0
0
0
0
0
0
0
0
0
0
0
0
0
0
0
0
0
0
0
0
0
0
0
0
0
0
0
0
0
0
0
0
0
0
0
0
0
0
0
0
0
0
0
0
0
0
0
0
0
0
0
0
0
0
0
0
0
0
0
0
0
0
0
0
0
0
0
0
0
0
0
0
0
0
0
0
0
0
0
0
0
0
0
0
0
0
0
0
0
0
0
0
0
0
0
0
0
0
0
0
0
0
0
0
0
0
0
0
0
0
0
0
0
0
0
0
0
0
0
0
0
0
0
0
0
0
0
0
0
0
0
0
0
0
0
0
0
0
0
0
0
0
0
0
0
0
0
0
0
0
0
0
0
0
0
0
0
0
0
0
0
0
0
0
0
0
0
0
0
0
0
0
0
0
0
0
0
0
0
0
0
0
0
0
0
0
0
0
0
0
0
0
0
0
0
0
0
0
0
0
0
0
0
0
0
0
0
0
0
0
0
0
0
0
0
0
0
0
0
0
0
0
0
0
0
0
0
0
0
0
0
0
0
0
0
0
0
0
0
0
0
0
0
0
0
0
0
0
0
0
0
0
0
0
0
0
0
0
0
0
0
0
0
0
0
0
0
0
0
0
0
0
0
0
0
0
0
0
0
0
0
0
0
0
0
0
0
0
0
0
0
0
0
0
0
0
0
0
0
0
0
0
0
0
0
0
0
0
0
0
0
0
0
0
0
0
0
0
0
0
0
0
0
0
0
0
0
0
0
0
0
0
0
0
0
0
0
0
0
0
0
0
0
0
0
0
0
0
0
0
0
0
0
0
0
0
0
0
0
0
0
0
0
0
0
0
0
0
0
0
0
0
0
0
0
0
0
0
0
0
0
0
0
0
0
0
0
0
0
0
0
0
0
0
0
0
0
0
0
0
0
0
0
0
0
0.01
0.01
0.01
0.01
0.01
0.01
0.02
0.02
0.02
0.03
0.03
0.04
0.04
0.05
0.06
0.07
0.07
0.08
0.1
0.11
0.12
0.13
0.15
0.17
0.18
0.2
0.22
0.24
0.26
0.28
0.3
0.32
0.34
0.36
0.39
0.41
0.43
0.45
0.47
0.49
0.51
0.53
0.55
0.57
0.59
0.61
0.63
0.65
0.68
0.69
0.71
0.73
0.75
0.77
0.79
0.81
0.83
0.85
0.87
0.88
0.9
0.91
0.93
0.95
0.97
0.99
1
1.01
1.02
1.03
1.06
1.07
1.08
1.1
1.11
1.13
1.15
1.16
1.16
1.18
1.19
1.2
1.21
1.23
1.24
1.26
1.27
1.29
1.33
1.36
1.38
1.43
1.49
1.53
1.54
1.54
1.54
1.54
1.55
1.57
1.54
1.59
1.61
1.64
1.62
1.65
1.69
1.71
1.72
1.72
1.74
1.75
1.75
1.77
1.78
1.8
1.8
1.82
1.83
1.85
1.86
1.86
1.88
1.9
1.92
1.92
1.93
1.93
1.75
1.83
1.75
1.97
1.97
1.93
2.01
2.02
2.02
2.04
2.04
2.06
2.1
2.1
2.06
2.08
2.1
2.1
2.06
2.2
2.4
2.58
2.72
2.83
3.31
3.42
3.13
3.16
3.23
3.35
3.42
3.46
3.42
3.5
3.81
4
3.96
3.86
3.86
4
4
4
3.96
3.72
3.55
3.31
3.27
3.27
3.27
3.23
3.16
3.13
3.13
3.2
3.23
3.23
3.23
3.27
3.31
3.2
3.09
2.99
2.89
2.8
2.77
3.02
4.06
5.64
6.09
6.09
6.18
6.48
6.59
6.7
6.7
5.99
5.81
5.55
4.06
6.28
6.59
4.88
6.7
6.59
5.31
3.59
6.18
6.48
6.28
2.83
6.38
2.96
4.68
6.48
4.95
4.32
7.04
7.16
6.93
6.93
5.31
3.42
3.13
2.5
2.93
5.72
3.46
6.48
6.38
6.38
6.38
5.64
3.59
2.43
2.27
2.1
2.29
2.43
2.18
2.12
2.27
2.36
2.99
3.72
4.11
4.44
4.21
4.21
3.91
3.27
2.93
2.93
3.06
3.23
3.46
3.67
3.55
3.13
2.69
2.5
2.43
2.4
2.8
3.09
2.93
2.93
3.38
3.59
2.99
2.38
2.25
2.14
2.69
2.61
2.14
2.12
2.31
2.61
2.58
2.63
3.35
4
3.77
3.09
2.48
2.14
2.14
2.4
2.36
2.36
2.16
2.1
2.16
2.27
2.29
2.38
2.29
2.27
2.31
2.4
2.63
3.38
3.91
3.5
2.93
2.86
3.72
3.72
3.59
3.23
3.13
2.8
2.4
2.25
2.61
2.86
2.8
2.96
3.55
3.96
4.21
3.42
3.09
3.13
3.5
3.55
3.42
3.38
3.35
3.31
3.63
4.06
4.11
3.86
4.06
4.56
5.09
5.16
4.88
4.44
4.21
4.11
4.06
4.11
4.32
4.5
4.5
4.27
4.16
4.75
5.24
5.47
5.72
6.28
7.04
7.04
5.55
5.31
4.62
3.55
2.53
1.95
1.77
1.64
1.4
1.36
1.35
1.23
1.11
1.11
1.28
1.8
2.18
2.4
2.53
2.55
2.43
2.22
2.1
2.08
2.06
2.01
2.01
2.43
3.42
4.16
4.5
4.75
4.75
4.11
3.35
2.72
2.38
2.38
2.58
2.8
3.02
3.31
3.67
3.77
3.72
3.5
3.38
3.27
3.02
2.8
2.61
2.36
2.38
2.55
2.61
2.63
2.63
2.63
2.66
2.55
2.33
2.06
1.88
1.85
1.86
1.78
1.77
1.8
1.77
1.75
1.69
1.71
1.71
1.72
1.71
1.71
1.71
1.69
1.68
1.66
1.66
1.66
1.66
1.66
1.68
1.71
1.8
1.97
2.06
2.06
2.22
2.31
2.22
2.2
1.78
1.72
1.72
1.83
2.12
2.25
2.08
1.88
1.78
1.69
1.82
1.95
2.22
2.14
2.14
1.78
1.61
1.66
1.83
1.9
1.93
1.92
1.69
1.61
1.42
1.22
1.16
1.12
1.1
1.06
1.07
1.06
1.04
1.03
1
0.98
0.96
0.95
0.97
1.04
1.03
0.95
0.94
0.97
0.92
0.89
0.87
0.87
0.84
0.82
0.79
0.77
0.75
0.73
0.71
0.69
0.67
0.65
0.65
0.64
0.62
0.61
0.58
0.55
0.52
0.5
0.48
0.47
0.45
0.44
0.42
0.4
0.39
0.36
0.34
0.32
0.3
0.28
0.26
0.25
0.23
0.22
0.2
0.18
0.17
0.16
0.15
0.14
0.13
0.11
0.1
0.09
0.08
0.07
0.06
0.05
0.05
0.04
0.04
0.03
0.03
0.02
0.02
0.02
0.01
0.01
0.01
0.01
0.01
0.01
0.01
0
0
0
0
0
0
0
0
0
0
0
0
0
0
0
0
0
0
0
0
0
0
0
0
0
0
0
0
0
0
0
0
0
0
0
0
0
0
0
0
0
0
0
0
0
0
0
0
0
0
0
0
0
0
0
0
0
0
0
0
0
0
0
0
0
0
0
0
0
0
0
0
0
0
0
0
0
0
0
0
0
0
0
0
0
0
0
0
0
0
0
0
0
0
0
0
0
0
0
0
0
0
0
0
0
0
0
0
0
0
0
0
0
0
0
0
0
0
0
0
0
0
0
0
0
0
0
0
0
0
0
0
0
0
0
0
0
0
0
0
0
0
0
0
0
0
0
0
0
0
0
0
0
0
0
0
0
0
0
0
0
0
0
0
0
0
0
0
0
0
0
0
0
0
0
0
0
0
0
0
0
0
0
0
0
0
0
0
0
0
0
0
0
0
0
0
0
0
0
0
0
0
0
0
0
0
0
0
0
0
0
0
0
0
0
0
0
0
0
0
0
0
0
0
0
0
0
0
0
0
0
0
0
0
0
0
0
0
0
0
0
0
0
0
0
0
0
0
0
0
0
0
0
0
0
0
0
0
0
0
0
0
0
0
0
0
0
0
0
0
0
0
0
0
0
0
0
0
0
0
0
0
0
0
0
0
0
0
0
0
0
0
0
0
0
0
0
0
0
0
0
0
0
0
0
0
0
0
0
0
0
0
0
0
0
0
0
0
0
0
0
0
0
0
0
0
0
0
0
0
0
0
0
0
0
0
0
0
0
0
0
0
0
0
0
0
0
0
0
0
0
0
0
0
0
0
0
0
0
0
0
0
0
0
0
0
0
0
0
0
0
0
0
0
0
0
0
0
0
0
0
0
0
0
0
0
0
0
0
0
0
0
0
0
0
0
0
0
0
0
0
0
0
0
0
0
0
0
0
0
0
0
0
0
0
0
0
0
0
