0
0
0
0
0
0
0
0
0
0
0
0
0
0
0
0
0
0
0
0
0
0
0
0
0
0
0
0
0
0
0
0
0
0
0
0
0
0
0
0
0
0
0
0
0
0
0
0
0
0
0
0
0
0
0
0
0
0
0
0
0
0
0
0
0
0
0
0
0
0
0
0
0
0
0
0
0
0
0
0
0
0
0
0
0
0
0
0
0
0
0
0
0
0
0
0
0
0
0
0
0
0
0
0
0
0
0
0
0
0
0
0
0
0
0
0
0
0
0
0
0
0
0
0
0
0
0
0
0
0
0
0
0
0
0
0
0
0
0
0
0
0
0
0
0
0
0
0
0
0
0
0
0
0
0
0
0
0
0
0
0
0
0
0
0
0
0
0
0
0
0
0
0
0
0
0
0
0
0
0
0
0
0
0
0
0
0
0
0
0
0
0
0
0
0
0
0
0
0
0
0
0
0
0
0
0
0
0
0
0
0
0
0
0
0
0
0
0
0
0
0
0
0
0
0
0
0
0
0
0
0
0
0
0
0
0
0
0
0
0
0
0
0
0
0
0
0
0
0
0
0
0
0
0
0
0
0
0
0
0
0
0
0
0
0
0
0
0
0
0
0
0
0
0
0
0
0
0
0
0
0
0
0
0
0
0
0
0
0
0
0
0
0
0
0
0
0
0
0
0
0
0
0
0
0
0
0
0
0
0
0
0
0
0
0
0
0
0
0
0
0
0
0
0
0
0
0
0
0
0
0
0
0
0
0
0
0
0
0
0
0
0
0
0
0
0
0
0
0
0
0
0
0
0
0
0
0
0
0
0
0
0
0
0
0
0
0
0
0
0
0
0
0
0
0
0
0
0
0
0
0
0
0
0
0
0
0
0
0
0
0
0
0
0
0
0
0
0
0
0
0
0
0
0
0
0
0
0
0
0
0
0
0
0
0
0.01
0.01
0.01
0.01
0.01
0.02
0.02
0.03
0.03
0.04
0.05
0.09
0.08
0.1
0.12
0.14
0.16
0.12
0.14
0.16
0.17
0.19
0.2
0.22
0.23
0.25
0.26
0.28
0.3
0.32
0.35
0.39
0.42
0.44
0.45
0.46
0.47
0.51
0.51
0.54
0.55
0.57
0.59
0.61
0.65
0.66
0.68
0.72
0.77
0.81
0.91
0.92
0.98
1
1.07
1.15
1.1
1.11
1.14
1.16
1.18
1.21
1.23
1.25
1.27
1.29
1.31
1.35
1.38
1.44
1.45
1.48
1.55
1.59
1.54
1.55
1.55
1.57
1.59
1.59
1.61
1.64
1.65
1.69
1.72
1.77
1.8
1.83
1.86
1.86
1.85
1.86
1.85
1.85
1.86
1.85
1.82
1.85
1.92
1.95
1.97
2.01
2.12
2.08
2.06
2.06
2.04
2.08
2.12
2.16
2.22
2.31
2.36
2.33
2.31
2.22
2.12
2.1
2.12
2.16
2.18
2.2
2.22
2.27
2.31
2.29
2.25
2.2
2.22
2.22
2.22
2.25
2.29
2.38
2.5
2.63
2.72
2.83
2.93
3.02
3.2
3.38
3.59
3.77
3.91
4.06
4.16
4
3.96
3.86
3.72
3.59
3.55
3.5
3.27
3.27
3.31
3.35
3.35
3.35
3.31
3.23
3.2
3.27
3.42
3.55
3.42
3.38
3.35
3.31
3.2
3.13
3.16
3.42
3.67
3.63
3.55
3.35
2.96
3.16
2.86
2.66
2.69
2.53
2.43
2.5
2.75
2.58
2.38
2.45
2.4
2.53
2.43
2.48
2.55
2.53
2.5
2.72
2.83
2.89
2.83
2.8
2.77
2.72
2.66
2.58
2.45
2.31
2.25
2.53
2.83
2.8
2.75
2.66
2.63
2.83
2.96
2.86
2.58
2.48
2.36
2.72
2.29
2.5
2.72
2.66
2.63
2.58
2.8
2.86
2.93
2.86
2.77
2.86
2.86
2.89
3.09
3.27
3.23
3.31
3.42
3.31
3.31
3.5
3.38
3.55
3.5
3.38
3.2
3.31
3.16
2.8
2.99
2.8
2.61
3.23
2.77
2.96
2.99
2.61
2.86
3.31
2.93
3.23
3.31
3.2
3.31
3.59
3.23
3.63
4.06
3.63
3.55
4.06
4.44
4.16
4.38
4.21
4.27
4.16
4.44
4.5
4.56
4.5
4.27
4.32
4.32
4
3.91
3.72
4.11
4.16
3.81
4
4.06
4
4
4.06
3.81
4
4.06
4.11
4.21
4.32
4.27
4.16
4.27
4.44
4.44
3.72
3.67
4.21
3.77
3.63
3.55
3.55
3.16
2.83
3.55
2.8
2.66
2.93
3.02
3.13
2.61
2.55
2.45
2.33
3.67
3.31
3.13
3.13
3.38
2.8
2.36
2.89
2.1
2.38
2.04
2.04
2.77
2.31
2.43
2.48
2.55
2.58
2.69
2.12
1.78
1.88
2.63
1.97
2.22
2.33
2.5
2.83
2.89
2.83
2.69
2.89
3.06
3.46
2.83
2.69
2.86
3.2
2.93
2.89
2.63
2.5
2.4
2.58
2.12
2.83
2.27
2.53
2.36
2.58
2.4
2.33
2.04
1.82
1.93
2.08
2.14
2.14
2.38
2.06
2.58
2.31
1.8
2.01
1.92
1.52
1.69
1.72
2.38
1.82
1.77
1.57
1.78
1.83
1.77
1.83
1.54
2.1
1.57
1.65
1.74
2.1
2.02
1.62
2.01
1.68
1.75
1.88
1.74
1.78
1.47
1.61
1.44
1.74
1.35
1.38
1.54
1.43
1.64
1.31
1.36
1.43
1.48
1.54
1.29
1.22
1.2
1.13
1.17
1.28
1.45
1.64
1.44
1.14
1.55
1.02
1.62
1.13
1.17
1.33
1.33
1.33
1.35
1.53
1.35
1.3
1.15
1.07
1.1
1.49
1.45
1.1
1.32
1.54
1.44
1.3
1.45
1.5
1.57
1.3
1.4
1.58
1.4
1.41
1.38
1.44
1.36
1.13
1.45
1.17
1.57
1.26
1.47
1.28
1.2
1.36
1.36
1.4
1.28
1.24
1.3
1.19
1.43
1.26
1.18
1.09
1.02
1.23
1.2
1.06
0.99
1.07
1
0.83
0.76
0.73
0.82
0.83
0.86
0.97
0.86
1.02
0.87
0.99
0.91
1.1
1.03
0.95
1.09
0.92
0.91
0.95
0.92
0.94
0.81
0.86
0.92
0.83
1
1.15
0.91
1.1
1.13
1.03
1.25
1.1
1.44
0.94
0.87
0.83
0.91
0.89
0.89
0.91
0.92
0.75
0.74
0.84
0.73
0.77
0.99
0.77
0.79
1
0.75
0.77
0.84
0.77
0.7
0.74
0.67
0.62
0.72
0.56
0.59
0.53
0.54
0.53
0.62
0.49
0.42
0.43
0.48
0.35
0.48
0.46
0.35
0.36
0.35
0.29
0.35
0.3
0.22
0.26
0.22
0.22
0.29
0.21
0.21
0.21
0.24
0.21
0.19
0.2
0.18
0.18
0.18
0.19
0.19
0.21
0.23
0.22
0.19
0.17
0.12
0.1
0.1
0.1
0.09
0.1
0.09
0.1
0.11
0.1
0.1
0.1
0.09
0.09
0.08
0.09
0.1
0.1
0.11
0.09
0.06
0.1
0.08
0.08
0.09
0.08
0.08
0.08
0.09
0.08
0.07
0.07
0.07
0.06
0.03
0.06
0
0
0
0
0
0
0
0
0
0
0
0
0
0
0
0
0
0
0
0
0
0
0
0
0
0
0
0
0
0
0
0
0
0
0
0
0
0
0
0
0
0
0
0
0
0
0
0
0
0
0
0
0
0
0
0
0
0
0
0
0
0
0
0
0
0
0
0
0
0
0
0
0
0
0
0
0
0
0
0
0
0
0
0
0
0
0
0
0
0
0
0
0
0
0
0
0
0
0
0
0
0
0
0
0
0
0
0
0
0
0
0
0
0
0
0
0
0
0
0
0
0
0
0
0
0
0
0
0
0
0
0
0
0
0
0
0
0
0
0
0
0
0
0
0
0
0
0
0
0
0
0
0
0
0
0
0
0
0
0
0
0
0
0
0
0
0
0
0
0
0
0
0
0
0
0
0
0
0
0
0
0
0
0
0
0
0
0
0
0
0
0
0
0
0
0
0
0
0
0
0
0
0
0
0
0
0
0
0
0
0
0
0
0
0
0
0
0
0
0
0
0
0
0
0
0
0
0
0
0
0
0
0
0
0
0
0
0
0
0
0
0
0
0
0
0
0
0
0
0
0
0
0
0
0
0
0
0
0
0
0
0
0
0
0
0
0
0
0
0
0
0
0
0
0
0
0
0
0
0
0
0
0
0
0
0
0
0
0
0
0
0
0
0
0
0
0
0
0
0
0
0
0
0
0
0
0
0
0
0
0
0
0
0
0
0
0
0
0
0
0
0
0
0
0
0
0
0
0
0
0
0
0
0
0
0
0
0
0
0
0
0
0
0
0
0
0
0
0
0
0
0
0
0
0
0
0
0
0
0
0
0
0
0
0
0
0
0
0
0
0
0
0
0
0
0
0
0
0
0
0
0
0
0
0
0
0
