0
0
0
0
0
0
0
0
0
0
0
0
0
0
0
0
0
0
0
0
0
0
0
0
0
0
0
0
0
0
0
0
0
0
0
0
0
0
0
0
0
0
0
0
0
0
0
0
0
0
0
0
0
0
0
0
0
0
0
0
0
0
0
0
0
0
0
0
0
0
0
0
0
0
0
0
0
0
0
0
0
0
0
0
0
0
0
0
0
0
0
0
0
0
0
0
0
0
0
0
0
0
0
0
0
0
0
0
0
0
0
0
0
0
0
0
0
0
0
0
0
0
0
0
0
0
0
0
0
0
0
0
0
0
0
0
0
0
0
0
0
0
0
0
0
0
0
0
0
0
0
0
0
0
0
0
0
0
0
0
0
0
0
0
0
0
0
0
0
0
0
0
0
0
0
0
0
0
0
0
0
0
0
0
0
0
0
0
0
0
0
0
0
0
0
0
0
0
0
0
0
0
0
0
0
0
0
0
0
0
0
0
0
0
0
0
0
0
0
0
0
0
0
0
0
0
0
0
0
0
0
0
0
0
0
0
0
0
0
0
0
0
0
0
0
0
0
0
0
0
0
0
0
0
0
0
0
0
0
0
0
0
0
0
0
0
0
0
0
0
0
0
0
0
0
0
0
0
0
0
0
0
0
0
0
0
0
0
0
0
0
0
0
0
0
0
0
0
0
0
0
0
0
0
0
0
0
0
0
0
0
0
0
0
0
0
0
0
0
0
0
0
0
0
0
0
0
0
0
0
0
0
0
0
0
0
0
0
0
0
0
0
0
0
0
0
0
0
0
0
0
0
0
0
0
0
0
0
0
0
0
0
0
0
0
0
0
0
0
0
0
0
0
0
0
0
0
0
0
0
0
0
0
0
0
0
0
0
0
0
0
0
0
0
0
0
0
0
0
0
0
0
0
0
0
0
0
0
0
0
0
0
0
0
0
0
0
0.01
0.01
0.01
0.01
0.01
0.01
0.02
0.02
0.03
0.03
0.03
0.04
0.05
0.05
0.06
0.07
0.08
0.09
0.1
0.11
0.12
0.14
0.15
0.16
0.18
0.19
0.21
0.22
0.24
0.26
0.28
0.29
0.31
0.33
0.35
0.37
0.39
0.41
0.43
0.45
0.47
0.5
0.52
0.54
0.56
0.58
0.6
0.62
0.64
0.66
0.68
0.7
0.74
0.76
0.79
0.79
0.81
0.83
0.84
0.87
0.89
0.92
0.95
0.97
1.03
1.08
1.09
1.14
1.21
1.25
1.27
1.21
1.24
1.31
1.31
1.32
1.34
1.33
1.33
1.42
1.41
1.47
1.57
1.62
1.61
1.57
1.57
1.61
1.65
1.68
1.64
1.68
1.75
1.82
2.01
2.36
2.45
2.33
2.31
2.45
2.93
3.55
4.06
3.67
2.61
1.92
1.99
2.38
2.69
2.66
2.33
2.06
1.97
2.27
1.82
1.53
1.52
1.53
1.57
1.65
1.82
2.06
3.46
3.59
2.93
3.67
3.72
3.77
3.77
3.81
3.86
3.91
3.96
3.96
4
4
4.06
3.77
4.16
4.11
4.11
4.16
4.27
4.21
4.27
4.38
4.44
4.5
4.56
4.62
4.68
4.75
4.56
3.16
4.38
4.27
4.68
4.62
4.81
4.68
4.88
4.88
4.88
4.95
4.95
5.02
5.02
5.09
5.09
5.09
5.16
5.16
5.24
5.24
5.31
5.31
5.39
5.39
5.39
5.39
5.47
5.47
5.47
5.55
5.55
5.55
5.64
5.55
5.64
5.64
5.72
5.72
5.72
5.81
5.81
4.68
5.9
4.95
5.9
5.99
5.99
5.99
5.99
6.18
6.09
6.28
6.09
6.28
6.18
6.18
6.18
5.99
6.48
6.48
3.38
5.81
5.47
6.48
6.93
6.93
3.67
3.35
4.5
2.86
6.48
6.59
6.59
6.7
6.7
6.59
6.59
6.59
6.59
6.7
6.7
6.48
6.7
6.7
6.81
6.81
6.7
6.81
6.93
5.9
7.04
7.16
7.16
7.42
7.55
7.55
4.62
7.82
4.75
7.96
8.11
8.11
7.55
5.47
5.09
8.11
7.04
5.16
5.02
4.81
4.68
4.62
6.81
7.16
4.88
4.32
6.18
7.82
4.95
6.48
3.59
6.48
4.16
7.68
5.16
3.67
6.38
3.55
4.21
3.91
3.23
3.13
3.16
2.69
2.75
2.83
3.02
2.58
2.22
2.36
2.31
2.2
2.12
2.16
2.2
2.27
2.4
2.75
2.55
2.63
2.66
2.69
2.72
3.13
3.42
3.46
3.38
3.16
3.2
3.35
3.59
3.2
3.16
3.2
3.81
4.56
4.68
4.44
5.02
5.55
6.18
6.09
4.75
3.38
4.5
2.86
2.93
3.59
3.2
3.77
3.96
4.11
4.11
4.27
4.44
4.5
4.38
4.21
4.06
4.06
4.11
4.44
4.75
4.62
5.47
4.32
3.86
2.93
3.09
3.13
3.46
3.5
3.63
3.67
3.67
4.06
3.77
3.13
3.38
3.16
2.89
2.38
2.14
2.1
2.16
2.4
2.66
2.18
2.77
3.91
3.02
3.09
2.58
3.23
4.11
3.27
3.27
3.13
3.46
4.27
4.62
4.81
6.81
7.96
8.26
8.26
3.81
8.42
3.86
8.58
8.91
7.42
8.58
4.38
8.74
8.42
4.5
7.04
8.74
8.91
8.42
8.74
8.74
8.74
8.58
8.58
8.58
8.42
7.82
8.26
7.29
8.11
3.63
7.29
6.48
3.91
2.4
2.18
2.12
2.12
2.06
2.02
2.04
2.04
2.02
2.02
2.01
2.14
2.1
2.01
2.12
2.08
2.27
2.36
2.5
2.61
2.83
2.69
2.48
2.58
2.83
2.83
3.23
3.63
3.55
3.5
3.63
3.81
4
4.38
4.38
4.16
4.32
4.27
4.11
4.11
4.11
3.86
3.77
3.96
4
4.32
4.75
4.81
4.68
4.38
4
3.67
3.63
3.77
3.77
3.86
3.86
3.63
3.27
3.06
2.99
2.75
2.58
2.58
2.77
2.96
3.16
3.09
2.99
2.93
2.86
2.83
3.06
3.23
3.31
3.27
3.27
3.35
3.59
3.86
3.96
3.77
3.16
2.8
2.69
2.53
2.4
2.45
2.55
2.61
2.69
2.69
2.77
2.93
3.2
3.59
3.96
4.21
4.5
4.68
4.62
4.11
2.99
2.06
1.55
1.59
2.12
2.22
2.25
2.14
1.95
1.75
1.52
1.36
1.72
1.82
1.57
1.43
1.45
1.34
1.38
1.66
2.01
2.14
2.01
1.48
0.92
0.68
0.6
0.63
0.57
0.91
2.1
2.66
3.38
3.63
3.42
2.96
2.53
2.2
1.97
1.8
1.68
1.59
1.54
1.48
1.38
1.32
1.26
1.21
1.12
1.08
1.06
1.05
1.06
1.06
1.02
0.98
0.96
0.91
0.85
0.79
0.75
0.71
0.69
0.67
0.65
0.64
0.62
0.61
0.59
0.58
0.57
0.56
0.54
0.53
0.52
0.52
0.51
0.52
0.52
0.52
0.53
0.53
0.53
0.51
0.49
0.48
0.45
0.43
0.4
0.36
0.33
0.3
0.28
0.26
0.24
0.22
0.21
0.19
0.18
0.17
0.15
0.14
0.13
0.12
0.11
0.1
0.09
0.08
0.07
0.07
0.06
0.05
0.05
0.04
0.04
0.04
0.03
0
0
0
0
0
0
0
0
0
0
0
0
0
0
0
0
0
0
0
0
0
0
0
0
0
0
0
0
0
0
0
0
0
0
0
0
0
0
0
0
0
0
0
0
0
0
0
0
0
0
0
0
0
0
0
0
0
0
0
0
0
0
0
0
0
0
0
0
0
0
0
0
0
0
0
0
0
0
0
0
0
0
0
0
0
0
0
0
0
0
0
0
0
0
0
0
0
0
0
0
0
0
0
0
0
0
0
0
0
0
0
0
0
0
0
0
0
0
0
0
0
0
0
0
0
0
0
0
0
0
0
0
0
0
0
0
0
0
0
0
0
0
0
0
0
0
0
0
0
0
0
0
0
0
0
0
0
0
0
0
0
0
0
0
0
0
0
0
0
0
0
0
0
0
0
0
0
0
0
0
0
0
0
0
0
0
0
0
0
0
0
0
0
0
0
0
0
0
0
0
0
0
0
0
0
0
0
0
0
0
0
0
0
0
0
0
0
0
0
0
0
0
0
0
0
0
0
0
0
0
0
0
0
0
0
0
0
0
0
0
0
0
0
0
0
0
0
0
0
0
0
0
0
0
0
0
0
0
0
0
0
0
0
0
0
0
0
0
0
0
0
0
0
0
0
0
0
0
0
0
0
0
0
0
0
0
0
0
0
0
0
0
0
0
0
0
0
0
0
0
0
0
0
0
0
0
0
0
0
0
0
0
0
0
0
0
0
0
0
0
0
0
0
0
0
0
0
0
0
0
0
0
0
0
0
0
0
0
0
0
0
0
0
0
0
0
0
0
0
0
0
0
0
0
0
0
0
0
0
0
0
0
0
0
0
0
0
0
0
0
0
0
0
0
0
0
0
0
0
0
0
0
0
0
