0
0
0
0
0
0
0
0
0
0
0
0
0
0
0
0
0
0
0
0
0
0
0
0
0
0
0
0
0
0
0
0
0
0
0
0
0
0
0
0
0
0
0
0
0
0
0
0
0
0
0
0
0
0
0
0
0
0
0
0
0
0
0
0
0
0
0
0
0
0
0
0
0
0
0
0
0
0
0
0
0
0
0
0
0
0
0
0
0
0
0
0
0
0
0
0
0
0
0
0
0
0
0
0
0
0
0
0
0
0
0
0
0
0
0
0
0
0
0
0
0
0
0
0
0
0
0
0
0
0
0
0
0
0
0
0
0
0
0
0
0
0
0
0
0
0
0
0
0
0
0
0
0
0
0
0
0
0
0
0
0
0
0
0
0
0
0
0
0
0
0
0
0
0
0
0
0
0
0
0
0
0
0
0
0
0
0
0
0
0
0
0
0
0
0
0
0
0
0
0
0
0
0
0
0
0
0
0
0
0
0
0
0
0
0
0
0
0
0
0
0
0
0
0
0
0
0
0
0
0
0
0
0
0
0
0
0
0
0
0
0
0
0
0
0
0
0
0
0
0
0
0
0
0
0
0
0
0
0
0
0
0
0
0
0
0
0
0
0
0
0
0
0
0
0
0
0
0
0
0
0
0
0
0
0
0
0
0
0
0
0
0
0
0
0
0
0
0
0
0
0
0
0
0
0
0
0
0
0
0
0
0
0
0
0
0
0
0
0
0
0
0
0
0
0
0
0
0
0
0
0
0
0
0
0
0
0
0
0
0
0
0
0
0
0
0
0
0
0
0
0
0
0
0
0
0
0
0
0
0
0
0
0
0
0
0
0
0
0
0
0
0
0
0
0
0
0
0
0
0
0
0
0
0
0
0
0
0
0
0
0
0
0
0
0
0
0
0
0
0
0
0
0
0.01
0.03
0.04
0.04
0.05
0.06
0.06
0.07
0.08
0.09
0.1
0.11
0.12
0.15
0.15
0.17
0.17
0.19
0.2
0.22
0.24
0.26
0.28
0.29
0.32
0.34
0.36
0.38
0.4
0.43
0.45
0.47
0.5
0.52
0.54
0.57
0.59
0.62
0.64
0.67
0.7
0.72
0.74
0.76
0.79
0.81
0.84
0.87
0.89
0.91
0.93
0.95
0.97
0.99
1.02
1.04
1.06
1.08
1.1
1.13
1.15
1.16
1.18
1.2
1.23
1.25
1.26
1.28
1.3
1.32
1.33
1.34
1.36
1.38
1.41
1.43
1.45
1.47
1.53
1.68
1.8
1.82
1.74
1.64
1.71
1.88
1.92
2.01
2.1
1.93
1.92
2.12
2.1
2.06
2.2
2.27
2.33
2.31
2.31
2.43
2.72
2.99
2.83
2.86
2.89
2.75
2.93
3.23
3.31
3.38
3.46
3.5
3.55
3.59
3.63
3.67
3.72
3.81
3.86
3.91
3.91
3.96
4
4.06
4.11
4.11
4.16
4.21
4.21
4.27
4.32
4.38
4.38
4.44
4.44
4.5
4.5
4.56
4.62
4.68
4.75
4.81
4.81
4.81
4.88
4.88
4.95
4.95
4.95
5.02
5.09
5.16
5.16
5.24
5.24
5.31
5.39
5.39
5.39
5.47
5.47
5.55
5.55
5.64
5.72
5.72
5.72
5.81
5.81
5.81
5.9
5.9
5.99
5.99
5.99
6.09
6.09
6.18
6.18
6.28
6.18
6.28
6.28
6.38
6.38
6.48
6.38
6.48
6.48
6.59
6.48
6.7
6.7
6.7
6.81
6.7
6.7
6.81
6.93
6.93
7.04
7.04
7.04
7.04
7.16
7.16
7.16
7.16
7.16
7.29
7.29
7.42
7.42
7.42
7.42
7.55
7.55
7.55
7.68
7.68
7.68
7.68
7.68
7.68
7.68
7.82
7.82
7.68
7.68
7.68
7.82
7.82
7.68
7.82
7.82
7.82
7.68
7.68
7.68
7.68
7.68
7.68
7.68
7.68
7.68
7.55
7.55
7.42
7.55
7.55
7.55
7.42
7.42
7.42
7.55
7.42
7.55
7.55
7.55
7.68
7.68
7.82
7.82
7.96
8.42
8.74
9.09
9.45
9.85
10.05
10.05
10.26
10.95
11.7
22.8
12.26
7.42
7.42
7.55
7.55
7.55
7.68
7.82
7.82
7.82
7.82
7.82
7.96
8.11
8.26
8.42
8.58
8.74
9.09
9.45
10.26
10.48
11.44
12.55
11.97
8.11
4.44
5.31
6.7
5.16
4.27
3.38
3.31
3.5
3.5
3.55
3.42
3.31
3.31
3.46
3.31
3.23
3.46
3.55
3.67
3.77
3.59
3.86
4.16
4.11
4.11
3.77
3.46
3.55
3.55
4.27
5.72
7.29
8.42
10.26
11.97
12.26
11.97
11.7
11.7
11.7
11.7
11.7
11.7
11.97
11.97
11.97
11.19
10.71
8.11
8.42
5.99
5.02
4
4.62
3.81
4
4.21
4.81
3.38
3.63
3.16
3.06
3.06
3.16
3.06
3.35
3.59
3.86
4.21
5.16
4.68
4.44
3.55
3.2
3.5
3.13
5.24
4.62
3.63
2.96
3.06
3.09
3.23
2.93
2.89
3.02
4.27
4.32
6.38
8.42
8.58
8.74
8.74
8.74
8.91
8.74
8.74
8.91
8.91
8.74
8.91
8.74
8.74
8.74
8.58
8.74
8.74
8.58
8.58
8.58
8.58
8.58
8.58
8.74
8.74
8.74
8.74
8.58
8.74
8.74
8.74
8.58
8.74
8.74
8.74
8.74
8.91
8.91
8.91
8.91
8.91
8.91
8.91
8.91
8.91
8.74
8.91
8.74
8.74
9.09
9.09
8.58
6.28
5.09
3.13
3.27
3.27
3.27
3.2
3.2
3.23
3.2
3.13
3.13
3.13
3.09
3.06
3.06
3.06
3.06
3.06
3.06
3.02
3.02
3.06
3.06
3.06
3.09
3.13
3.16
3.16
3.16
3.2
3.16
3.16
3.16
3.16
3.13
3.13
3.13
3.13
3.09
3.13
3.13
3.13
3.23
3.23
2.8
2.8
2.8
2.8
2.8
2.77
2.77
2.77
2.77
2.75
2.72
2.72
2.69
2.75
2.72
2.69
2.69
2.69
2.66
2.63
2.61
2.61
2.61
2.61
2.58
2.55
2.55
2.53
2.5
2.5
2.5
2.48
2.48
2.48
2.48
2.5
2.5
2.48
2.48
2.45
2.45
2.45
2.45
2.45
2.45
2.43
2.43
2.69
4.56
6.48
7.82
7.55
7.42
7.16
7.29
7.42
7.04
6.48
6.59
6.38
6.59
7.04
6.93
6.81
6.59
6.28
6.09
5.9
5.16
4.21
3.5
2.83
2.31
2.16
2.16
2.14
2.12
2.12
2.1
2.1
2.1
2.1
2.08
2.08
2.06
2.06
2.06
2.04
2.04
2.02
2.02
2.01
2.01
1.99
1.99
1.97
1.95
1.93
1.92
1.9
1.9
1.88
1.86
1.83
1.82
1.78
1.77
1.75
1.72
1.72
1.69
1.66
1.64
1.62
1.58
1.54
1.52
1.49
1.47
1.43
1.4
1.36
1.34
1.31
1.29
1.26
1.23
1.2
1.16
1.14
1.1
1.07
1.05
1.02
0.99
0.96
0.93
0.91
0.88
0.85
0.82
0.79
0.76
0.74
0.71
0.68
0.65
0.63
0.6
0.57
0.55
0.52
0.5
0.47
0.45
0.42
0.4
0.38
0.35
0.33
0.31
0.29
0.27
0.25
0.23
0.21
0.19
0.18
0.16
0.15
0.14
0.12
0.11
0.1
0.09
0.08
0.07
0.06
0.05
0.04
0.04
0.03
0.03
0.02
0.02
0.01
0.01
0.01
0.01
0.01
0
0
0
0
0
0
0
0
0
0
0
0
0
0
0
0
0
0
0
0
0
0
0
0
0
0
0
0
0
0
0
0
0
0
0
0
0
0
0
0
0
0
0
0
0
0
0
0
0
0
0
0
0
0
0
0
0
0
0
0
0
0
0
0
0
0
0
0
0
0
0
0
0
0
0
0
0
0
0
0
0
0
0
0
0
0
0
0
0
0
0
0
0
0
0
0
0
0
0
0
0
0
0
0
0
0
0
0
0
0
0
0
0
0
0
0
0
0
0
0
0
0
0
0
0
0
0
0
0
0
0
0
0
0
0
0
0
0
0
0
0
0
0
0
0
0
0
0
0
0
0
0
0
0
0
0
0
0
0
0
0
0
0
0
0
0
0
0
0
0
0
0
0
0
0
0
0
0
0
0
0
0
0
0
0
0
0
0
0
0
0
0
0
0
0
0
0
0
0
0
0
0
0
0
0
0
0
0
0
0
0
0
0
0
0
0
0
0
0
0
0
0
0
0
0
0
0
0
0
0
0
0
0
0
0
0
0
0
0
0
0
0
0
0
0
0
0
0
0
0
0
0
0
0
0
0
0
0
0
0
0
0
0
0
0
0
0
0
0
0
0
0
0
0
0
0
0
0
0
0
0
0
0
0
0
0
0
0
0
0
0
0
0
0
0
0
0
0
0
0
0
0
0
0
0
0
0
0
0
0
0
0
0
0
0
0
0
0
0
0
0
0
0
0
0
0
0
0
0
0
0
0
0
0
0
0
0
0
0
0
0
0
0
0
0
0
0
0
0
0
0
0
0
0
0
0
0
0
0
