0
0
0
0
0
0
0
0
0
0
0
0
0
0
0
0
0
0
0
0
0
0
0
0
0
0
0
0
0
0
0
0
0
0
0
0
0
0
0
0
0
0
0
0
0
0
0
0
0
0
0
0
0
0
0
0
0
0
0
0
0
0
0
0
0
0
0
0
0
0
0
0
0
0
0
0
0
0
0
0
0
0
0
0
0
0
0
0
0
0
0
0
0
0
0
0
0
0
0
0
0
0
0
0
0
0
0
0
0
0
0
0
0
0
0
0
0
0
0
0
0
0
0
0
0
0
0
0
0
0
0
0
0
0
0
0
0
0
0
0
0
0
0
0
0
0
0
0
0
0
0
0
0
0
0
0
0
0
0
0
0
0
0
0
0
0
0
0
0
0
0
0
0
0
0
0
0
0
0
0
0
0
0
0
0
0
0
0
0
0
0
0
0
0
0
0
0
0
0
0
0
0
0
0
0
0
0
0
0
0
0
0
0
0
0
0
0
0
0
0
0
0
0
0
0
0
0
0
0
0
0
0
0
0
0
0
0
0
0
0
0
0
0
0
0
0
0
0
0
0
0
0
0
0
0
0
0
0
0
0
0
0
0
0
0
0
0
0
0
0
0
0
0
0
0
0
0
0
0
0
0
0
0
0
0
0
0
0
0
0
0
0
0
0
0
0
0
0
0
0
0
0
0
0
0
0
0
0
0
0
0
0
0
0
0
0
0
0
0
0
0
0
0
0
0
0
0
0
0
0
0
0
0
0
0
0
0
0
0
0
0
0
0
0
0
0
0
0
0
0
0
0
0
0
0
0
0
0
0
0
0
0
0
0
0
0
0
0
0
0
0
0
0
0
0
0
0
0
0
0
0
0
0
0
0
0
0
0
0
0
0
0
0
0
0
0
0
0
0
0
0
0
0
0
0
0
0
0
0
0
0
0
0
0
0
0
0
0
0
0
0
0
0
0
0
0
0
0
0
0
0
0
0
0
0
0
0
0
0
0
0
0
0
0
0
0
0
0
0
0
0
0
0
0
0
0.01
0.01
0.01
0.01
0.01
0.01
0.01
0.01
0.01
0.01
0.02
0.02
0.02
0.03
0.03
0.03
0.03
0.03
0.03
0.03
0.03
0.04
0.04
0.05
0.06
0.07
0.08
0.09
0.1
0.1
0.11
0.11
0.1
0.1
0.11
0.13
0.13
0.12
0.12
0.11
0.11
0.13
0.14
0.16
0.18
0.2
0.22
0.22
0.23
0.25
0.23
0.21
0.23
0.23
0.25
0.28
0.29
0.3
0.32
0.33
0.32
0.4
0.45
0.47
0.39
0.4
0.42
0.44
0.44
0.37
0.4
0.41
0.46
0.42
0.42
0.39
0.43
0.41
0.39
0.42
0.43
0.44
0.44
0.45
0.48
0.5
0.54
0.56
0.6
0.59
0.58
0.64
0.68
0.75
0.74
0.76
0.78
0.79
0.83
0.8
0.77
0.75
0.73
0.72
0.77
0.72
0.72
0.7
0.75
0.79
0.85
0.81
0.87
0.89
0.91
0.9
0.85
0.87
0.85
0.85
0.83
0.84
0.85
0.87
0.92
0.88
0.87
0.93
1.06
1.06
0.97
0.91
0.84
0.84
0.77
0.77
0.72
0.79
0.77
0.89
0.87
0.83
0.87
0.82
0.85
0.94
1.03
1.16
1.43
1.37
1.35
1.29
1.28
1.18
1.22
1.27
1.31
1.43
1.45
1.61
1.71
1.68
1.8
1.64
1.55
1.45
1.44
1.5
1.44
1.55
1.59
1.64
1.66
1.59
1.69
1.59
1.69
1.59
1.64
1.8
2.08
2.04
2.14
1.99
2.04
1.88
1.99
1.93
1.78
1.82
1.83
1.88
1.9
1.95
1.82
1.8
1.69
1.57
1.53
1.45
1.43
1.45
1.41
1.34
1.25
1.32
1.16
1.23
1.18
1.11
1.12
1.09
1.17
1.11
1.17
1.14
1.28
1.32
1.17
1.29
1.33
1.29
1.16
1.37
1.45
1.37
1.43
1.35
1.44
1.35
1.42
1.35
1.4
1.24
1.4
1.32
1.24
1.12
1.18
1.22
1.28
1.25
1.28
1.55
1.57
1.54
1.62
1.54
1.68
1.92
1.78
1.8
2.01
1.9
1.97
1.85
1.93
1.83
1.69
1.77
1.72
1.75
1.72
1.72
1.9
1.69
1.64
1.77
1.83
1.71
1.78
1.72
1.65
1.71
1.61
1.72
1.68
1.69
1.8
1.77
1.77
1.64
1.66
1.68
1.43
1.24
1.22
1.32
1.18
1.18
1.18
1.27
1.3
1.2
1.17
1.27
1.33
1.36
1.36
1.41
1.57
1.58
1.53
1.59
1.58
1.47
1.42
1.68
1.52
1.45
1.49
1.62
1.57
1.32
1.64
1.66
1.97
1.95
1.78
2.02
2.04
1.95
1.8
2.08
2.01
1.69
2.04
2.22
1.82
1.85
1.58
1.57
1.64
1.61
1.28
1.21
1.29
1.53
1.48
1.54
1.64
1.49
1.44
1.36
1.49
1.55
1.55
1.64
1.44
1.5
1.38
1.52
1.42
1.43
1.5
1.49
1.65
1.59
1.65
1.4
1.52
1.47
1.53
1.45
1.45
1.4
1.33
1.4
1.35
1.29
1.32
1.27
1.24
1.21
1.31
1.31
1.29
1.43
1.38
1.4
1.33
1.31
1.35
1.45
1.42
1.36
1.26
1.17
1.18
1.22
1.27
1.27
1.57
1.52
1.47
1.38
1.3
1.21
1.12
1.04
1.02
0.95
1.06
1.01
1.05
1.1
0.97
0.97
1
1
1.1
1.1
1.21
1.16
1.07
1.14
1.08
1.13
1.14
1.15
1.14
1.11
1.23
1.22
1.24
1.17
1.13
1.13
1.1
1.21
1.22
1.22
1.23
1.22
1.27
1.15
1.1
1.02
1.02
1
1.16
1.14
1.22
1.02
0.92
0.87
0.84
0.8
0.76
0.8
0.81
0.74
0.71
0.73
0.78
0.82
0.86
0.95
1.04
1.12
1.17
1.23
1.27
1.24
1.21
1.23
1.18
1.19
1.14
1.11
1.06
0.94
0.85
0.75
0.7
0.73
0.7
0.67
0.62
0.59
0.57
0.55
0.53
0.47
0.43
0.39
0.37
0.36
0.41
0.46
0.47
0.46
0.45
0.42
0.41
0.46
0.46
0.47
0.45
0.4
0.35
0.31
0.3
0.3
0.32
0.3
0.3
0.3
0.32
0.32
0.28
0.25
0.21
0.2
0.18
0.19
0.21
0.23
0.23
0.25
0.23
0.21
0.18
0.15
0.14
0.13
0.11
0.1
0.09
0.09
0.08
0.08
0.08
0.08
0.07
0.06
0.05
0.05
0.05
0.05
0.04
0.04
0.04
0.03
0.03
0.03
0.03
0.02
0.02
0.02
0.02
0.02
0.02
0.01
0.01
0.01
0.01
0.01
0.01
0.01
0
0
0
0
0
0
0
0
0
0
0
0
0
0
0
0
0
0
0
0
0
0
0
0
0
0
0
0
0
0
0
0
0
0
0
0
0
0
0
0
0
0
0
0
0
0
0
0
0
0
0
0
0
0
0
0
0
0
0
0
0
0
0
0
0
0
0
0
0
0
0
0
0
0
0
0
0
0
0
0
0
0
0
0
0
0
0
0
0
0
0
0
0
0
0
0
0
0
0
0
0
0
0
0
0
0
0
0
0
0
0
0
0
0
0
0
0
0
0
0
0
0
0
0
0
0
0
0
0
0
0
0
0
0
0
0
0
0
0
0
0
0
0
0
0
0
0
0
0
0
0
0
0
0
0
0
0
0
0
0
0
0
0
0
0
0
0
0
0
0
0
0
0
0
0
0
0
0
0
0
0
0
0
0
0
0
0
0
0
0
0
0
0
0
0
0
0
0
0
0
0
0
0
0
0
0
0
0
0
0
0
0
0
0
0
0
0
0
0
0
0
0
0
0
0
0
0
0
0
0
0
0
0
0
0
0
0
0
0
0
0
0
0
0
0
0
0
0
0
0
0
0
0
0
0
0
0
0
0
0
0
0
0
0
0
0
0
0
0
0
0
0
0
0
0
0
0
0
0
0
0
0
0
0
0
0
0
0
0
0
0
0
0
0
0
0
0
0
0
0
0
0
0
0
0
0
0
0
0
0
0
0
0
0
0
0
0
0
0
0
0
0
0
0
0
0
0
0
0
0
0
0
0
0
0
0
0
0
0
0
0
0
0
0
0
0
0
0
0
0
0
0
0
0
0
0
0
0
0
0
0
0
0
0
0
0
0
0
0
0
0
0
0
0
0
0
0
0
0
0
0
0
0
0
0
0
0
0
0
0
0
0
0
0
0
0
0
0
0
0
0
0
0
0
0
0
0
0
0
0
0
0
0
0
0
0
0
0
0
0
0
0
0
0
0
