0
0
0
0
0
0
0
0
0
0
0
0
0
0
0
0
0
0
0
0
0
0
0
0
0
0
0
0
0
0
0
0
0
0
0
0
0
0
0
0
0
0
0
0
0
0
0
0
0
0
0
0
0
0
0
0
0
0
0
0
0
0
0
0
0
0
0
0
0
0
0
0
0
0
0
0
0
0
0
0
0
0
0
0
0
0
0
0
0
0
0
0
0
0
0
0
0
0
0
0
0
0
0
0
0
0
0
0
0
0
0
0
0
0
0
0
0
0
0
0
0
0
0
0
0
0
0
0
0
0
0
0
0
0
0
0
0
0
0
0
0
0
0
0
0
0
0
0
0
0
0
0
0
0
0
0
0
0
0
0
0
0
0
0
0
0
0
0
0
0
0
0
0
0
0
0
0
0
0
0
0
0
0
0
0
0
0
0
0
0
0
0
0
0
0
0
0
0
0
0
0
0
0
0
0
0
0
0
0
0
0
0
0
0
0
0
0
0
0
0
0
0
0
0
0
0
0
0
0
0
0
0
0
0
0
0
0
0
0
0
0
0
0
0
0
0
0
0
0
0
0
0
0
0
0
0
0
0
0
0
0
0
0
0
0
0
0
0
0
0
0
0
0
0
0
0
0
0
0
0
0
0
0
0
0
0
0
0
0
0
0
0
0
0
0
0
0
0
0
0
0
0
0
0
0
0
0
0
0
0
0
0
0
0
0
0
0
0
0
0
0
0
0
0
0
0
0
0
0
0
0
0
0
0
0
0
0
0
0
0
0
0
0
0
0
0
0
0
0
0
0
0
0
0
0
0
0
0
0
0
0
0
0
0
0
0
0
0
0
0
0
0
0
0
0
0
0
0
0
0
0
0
0
0
0
0
0
0
0
0
0
0
0
0
0
0
0
0
0
0
0
0
0
0
0
0
0
0
0
0
0
0
0
0
0
0
0
0
0
0
0
0
0
0
0
0
0
0
0
0
0
0
0
0
0
0
0
0
0
0
0
0
0
0
0
0.01
0.01
0.01
0.01
0.01
0.01
0.02
0.02
0.02
0.02
0.03
0.03
0.03
0.04
0.04
0.05
0.06
0.06
0.07
0.08
0.08
0.09
0.1
0.1
0.11
0.12
0.12
0.13
0.14
0.15
0.17
0.18
0.2
0.21
0.23
0.25
0.26
0.28
0.3
0.32
0.34
0.36
0.38
0.39
0.4
0.43
0.47
0.51
0.55
0.59
0.65
0.68
0.69
0.7
0.71
0.71
0.72
0.72
0.72
0.72
0.73
0.77
0.83
0.87
0.9
0.91
0.89
0.86
0.86
0.88
0.9
0.92
0.93
0.95
0.97
0.98
0.99
1
1.02
1.09
1.17
1.26
1.35
1.43
1.49
1.53
1.57
1.62
1.68
1.74
1.78
1.83
1.93
2.02
2.02
2.01
1.99
1.99
2.02
2.12
2.16
2.1
2.01
1.93
1.93
1.99
2.08
2.18
2.22
2.2
2.18
2.27
2.4
2.55
2.61
2.63
2.75
2.89
2.99
3.02
3.02
2.93
2.86
2.77
2.72
2.77
2.83
2.89
3.06
3.23
3.35
3.5
3.72
4.06
4.75
4.44
3.72
3.91
3.46
5.39
3.23
2.8
2.69
2.83
3.5
3.46
4.11
3.35
3.27
4.56
5.99
5.99
6.18
5.9
5.72
6.28
6.38
6.48
6.7
7.04
7.55
8.11
6.09
5.09
4.75
4.11
3.91
3.81
3.63
3.42
3.09
2.75
2.53
2.43
2.38
2.38
2.29
2.33
2.38
2.45
2.63
2.99
3.42
3.91
5.39
7.42
8.58
8.42
7.96
8.11
7.96
7.96
5.24
8.42
8.91
8.58
8.42
6.7
7.96
6.59
7.96
8.11
7.96
7.96
7.96
8.26
8.58
9.85
7.04
7.68
5.64
5.47
4.62
7.29
4.95
4.81
8.42
4.68
3.46
5.72
7.96
7.96
8.26
8.11
7.96
8.26
8.11
6.48
7.55
8.26
7.68
8.58
3.91
8.11
8.42
8.58
8.58
5.09
3.96
8.58
8.42
8.42
8.58
8.58
8.74
8.42
8.74
8.58
8.26
8.74
8.74
8.91
7.82
5.09
3.38
4.16
3.77
3.55
2.89
2.86
3.38
2.8
2.38
2.69
3.27
3.02
2.75
2.72
2.77
2.86
2.93
3.72
3.81
3.35
3.42
3.46
3.42
3.59
4.16
4.27
4.06
5.09
3.77
3.91
4.06
5.16
4.68
4.27
3.67
3.81
4.27
4
3.63
3.2
3.55
4.16
5.16
6.18
6.28
3.59
3.91
5.55
3.96
4.27
4.27
4.5
4.32
4.44
4.62
4.44
5.02
5.81
5.99
5.55
4.11
4.38
4.95
5.24
4.95
4.5
4.32
4.5
4.68
4.56
4.06
3.59
3.46
3.38
3.5
3.59
3.55
3.77
3.96
4.11
4.38
5.31
6.18
5.72
4.62
4.16
4.44
4.95
5.16
5.39
5.72
5.24
4.5
4.32
4.32
4.38
4.44
4.11
3.38
2.99
2.86
2.8
2.77
2.75
2.63
2.53
2.4
2.45
2.55
2.63
2.77
2.96
3.31
3.86
10.48
11.44
11.44
10.48
10.71
12.26
11.19
7.96
10.48
4.32
4.11
4.44
4.68
4.75
4.81
8.91
4.56
4.16
3.86
3.91
5.64
3.63
3.23
3.27
3.23
3.02
2.83
2.96
3.35
3.63
3.59
3.46
3.55
3.67
3.67
3.63
3.63
3.67
3.67
3.72
3.72
3.81
3.91
4
4.16
4.27
4.11
3.72
3.2
2.89
2.75
2.72
2.77
2.96
3.31
3.72
4.16
4.62
4.95
5.16
5.09
4.88
4.44
4
3.63
3.35
3.31
2.43
3.55
3.63
3.55
3.23
2.99
2.83
2.72
2.55
2.66
2.66
2.83
2.99
3.2
3.55
3.81
4.11
4.21
3.67
3.46
3.23
2.83
2.61
2.36
2.29
2.33
2.48
2.63
2.77
2.89
2.99
3.09
3.23
3.27
3.23
3.06
2.89
2.75
2.75
2.83
2.99
3.09
3.13
3.13
3.06
2.93
2.75
2.61
2.45
2.31
2.12
1.97
1.85
1.71
1.58
1.44
1.36
1.29
1.24
1.19
1.16
1.14
1.13
1.12
1.11
1.08
1.05
1.04
1.06
1.1
1.15
1.15
1.11
1.06
1
0.97
0.93
0.91
0.9
0.89
0.86
0.82
0.77
0.73
0.69
0.66
0.62
0.59
0.57
0.56
0.55
0.55
0.55
0.54
0.5
0.47
0.43
0.4
0.36
0.34
0.33
0.32
0.33
0.34
0.34
0.34
0.34
0.33
0.33
0.32
0.3
0.29
0.28
0.26
0.26
0.24
0.28
0.26
0.25
0.23
0.21
0.2
0.18
0.17
0.16
0.15
0.14
0.13
0.12
0.11
0.1
0.09
0.08
0.07
0.06
0.05
0.05
0.04
0.04
0.03
0.03
0.02
0.02
0.01
0.01
0.01
0
0
0
0
0
0
0
0
0
0
0
0
0
0
0
0
0
0
0
0
0
0
0
0
0
0
0
0
0
0
0
0
0
0
0
0
0
0
0
0
0
0
0
0
0
0
0
0
0
0
0
0
0
0
0
0
0
0
0
0
0
0
0
0
0
0
0
0
0
0
0
0
0
0
0
0
0
0
0
0
0
0
0
0
0
0
0
0
0
0
0
0
0
0
0
0
0
0
0
0
0
0
0
0
0
0
0
0
0
0
0
0
0
0
0
0
0
0
0
0
0
0
0
0
0
0
0
0
0
0
0
0
0
0
0
0
0
0
0
0
0
0
0
0
0
0
0
0
0
0
0
0
0
0
0
0
0
0
0
0
0
0
0
0
0
0
0
0
0
0
0
0
0
0
0
0
0
0
0
0
0
0
0
0
0
0
0
0
0
0
0
0
0
0
0
0
0
0
0
0
0
0
0
0
0
0
0
0
0
0
0
0
0
0
0
0
0
0
0
0
0
0
0
0
0
0
0
0
0
0
0
0
0
0
0
0
0
0
0
0
0
0
0
0
0
0
0
0
0
0
0
0
0
0
0
0
0
0
0
0
0
0
0
0
0
0
0
0
0
0
0
0
0
0
0
0
0
0
0
0
0
0
0
0
0
0
0
0
0
0
0
0
0
0
0
0
0
0
0
0
0
0
0
0
0
0
0
0
0
0
0
0
0
0
0
0
0
0
0
0
0
0
0
0
0
0
0
0
0
0
0
0
0
0
0
0
0
0
0
0
0
0
0
0
0
0
0
0
0
0
0
0
0
0
0
0
0
0
0
0
0
0
0
0
0
0
0
0
0
0
0
0
0
0
0
0
0
0
0
0
0
0
0
0
0
0
0
0
0
0
0
0
0
0
0
0
0
0
0
0
0
0
0
0
0
0
0
0
0
0
0
0
0
0
