0
0
0
0
0
0
0
0
0
0
0
0
0
0
0
0
0
0
0
0
0
0
0
0
0
0
0
0
0
0
0
0
0
0
0
0
0
0
0
0
0
0
0
0
0
0
0
0
0
0
0
0
0
0
0
0
0
0
0
0
0
0
0
0
0
0
0
0
0
0
0
0
0
0
0
0
0
0
0
0
0
0
0
0
0
0
0
0
0
0
0
0
0
0
0
0
0
0
0
0
0
0
0
0
0
0
0
0
0
0
0
0
0
0
0
0
0
0
0
0
0
0
0
0
0
0
0
0
0
0
0
0
0
0
0
0
0
0
0
0
0
0
0
0
0
0
0
0
0
0
0
0
0
0
0
0
0
0
0
0
0
0
0
0
0
0
0
0
0
0
0
0
0
0
0
0
0
0
0
0
0
0
0
0
0
0
0
0
0
0
0
0
0
0
0
0
0
0
0
0
0
0
0
0
0
0
0
0
0
0
0
0
0
0
0
0
0
0
0
0
0
0
0
0
0
0
0
0
0
0
0
0
0
0
0
0
0
0
0
0
0
0
0
0
0
0
0
0
0
0
0
0
0
0
0
0
0
0
0
0
0
0
0
0
0
0
0
0
0
0
0
0
0
0
0
0
0
0
0
0
0
0
0
0
0
0
0
0
0
0
0
0
0
0
0
0
0
0
0
0
0
0
0
0
0
0
0
0
0
0
0
0
0
0
0
0
0
0
0
0
0
0
0
0
0
0
0
0
0
0
0
0
0
0
0
0
0
0
0
0
0
0
0
0
0
0
0
0
0
0
0
0
0
0
0
0
0
0
0
0
0
0
0
0
0
0
0
0
0
0
0
0
0
0
0
0
0
0
0
0
0
0
0
0
0
0
0
0
0
0
0
0
0
0
0
0
0
0
0
0
0
0
0
0
0
0
0
0
0
0
0
0
0
0
0
0
0
0
0
0
0
0
0
0
0
0
0
0
0
0
0
0
0
0
0
0
0
0
0
0
0.01
0.01
0.01
0.01
0.01
0.01
0.01
0.02
0.02
0.02
0.02
0.03
0.03
0.03
0.03
0.04
0.04
0.05
0.05
0.06
0.06
0.07
0.07
0.08
0.08
0.09
0.09
0.1
0.1
0.11
0.11
0.12
0.13
0.13
0.14
0.16
0.17
0.18
0.2
0.21
0.22
0.23
0.24
0.24
0.25
0.26
0.28
0.28
0.29
0.3
0.32
0.33
0.35
0.36
0.38
0.39
0.4
0.42
0.45
0.46
0.48
0.52
0.55
0.56
0.57
0.57
0.58
0.61
0.63
0.64
0.65
0.65
0.65
0.66
0.66
0.65
0.65
0.66
0.68
0.69
0.69
0.71
0.73
0.74
0.74
0.73
0.73
0.73
0.72
0.73
0.73
0.75
0.77
0.78
0.8
0.83
0.87
0.88
0.9
0.93
0.98
1.02
1.05
1.06
1.06
1.05
1.04
1.03
1.03
1.03
1.03
1.03
1.01
1.04
1.11
1.15
1.16
1.18
1.17
1.19
1.25
1.33
1.37
1.37
1.34
1.33
1.31
1.3
1.34
1.39
1.41
1.39
1.41
1.42
1.39
1.34
1.27
1.2
1.17
1.24
1.33
1.37
1.39
1.45
1.52
1.55
1.58
1.58
1.57
1.53
1.52
1.52
1.53
1.57
1.64
1.67
1.71
1.73
1.73
1.71
1.71
1.71
1.71
1.71
1.71
1.69
1.64
1.58
1.53
1.44
1.34
1.27
1.24
1.24
1.26
1.34
1.38
1.15
1.1
1.15
1.12
1.05
1.03
1.08
1.33
2.72
1.77
1.97
2.72
2.72
2.72
2.72
2.68
2.49
2.72
1.37
1.33
1.6
2.88
2.39
1.55
1.86
2.88
2.88
2.88
2.88
2.88
2.88
2.68
2.88
2.88
2.88
2.88
2.93
2.93
2.93
2.93
2.97
2.97
2.97
2.21
2.15
1.64
1.58
3.02
2.72
1.69
2
3.5
2.93
2.21
2.02
1.95
1.88
1.81
1.73
1.65
1.65
1.65
1.65
1.73
1.73
1.79
1.86
1.97
1.97
1.86
1.81
1.71
1.64
1.62
1.67
1.55
1.44
2
1.9
2.12
3.27
3.32
3.02
2.07
1.33
1.27
1.19
1.17
1.3
1.24
1.44
1.79
1.97
1.92
1.92
2.05
2.33
2.3
2.3
2.27
2.36
2.39
2.36
2.24
1.97
1.81
1.71
1.64
1.52
1.33
1.29
1.58
1.64
1.55
1.3
1.29
1.42
1.35
1.53
1.47
1.65
2.02
2.24
2.12
1.75
1.5
1.57
2.3
2.72
2.12
1.81
2.33
2.76
2.39
2.05
1.62
1.6
1.57
1.38
1.38
1.47
1.48
1.34
1.38
1.53
1.62
1.57
1.57
1.62
1.77
2.21
2.3
2.33
2.24
2
1.83
1.69
1.58
1.44
1.34
1.26
1.27
1.2
1.24
1.19
1.21
1.39
1.53
1.41
1.2
1.09
1.09
1.06
1.12
1.08
1.04
1.04
1.05
1.05
1.05
1.07
1.07
1.09
1.1
1.09
1.09
1.07
1.06
1.04
1.04
1.16
2.97
3.17
3.56
3.75
3.75
3.75
3.75
3.75
3.75
3.68
3.68
3.68
3.68
3.68
3.62
3.62
3.62
3.62
3.62
3.62
3.62
3.62
3.27
2
1.17
1.27
1.45
1.6
1.71
1.71
1.71
1.75
1.79
2.1
2.18
2.1
2
1.86
1.88
1.97
2.02
2.15
2.24
2
1.83
1.88
1.92
1.83
1.65
1.57
1.58
1.67
1.53
1.31
1.13
1.09
1.2
1.29
1.27
1.27
1.23
1.25
1.21
1.19
1.26
1.41
1.45
1.37
1.24
1.18
1.21
1.25
1.27
1.3
1.41
1.55
1.58
1.5
1.39
1.29
1.26
1.26
1.33
1.42
1.47
1.42
1.39
1.42
1.52
1.6
1.67
1.6
1.5
1.5
1.57
1.69
1.79
1.81
1.75
1.64
1.57
1.5
1.48
1.47
1.44
1.41
1.41
1.37
1.27
1.14
1.02
0.96
0.95
0.98
0.99
0.98
0.91
0.87
0.86
0.84
0.8
0.74
0.7
0.68
0.66
0.67
0.69
0.73
0.75
0.73
0.7
0.68
0.68
0.69
0.73
0.73
0.69
0.68
0.67
0.65
0.64
0.63
0.63
0.64
0.65
0.65
0.66
0.68
0.75
0.81
0.79
0.68
0.58
0.53
0.53
0.55
0.58
0.59
0.56
0.53
0.52
0.55
0.61
0.68
0.7
0.66
0.58
0.53
0.5
0.5
0.47
0.45
0.41
0.37
0.32
0.3
0.31
0.32
0.32
0.31
0.3
0.3
0.31
0.33
0.34
0.34
0.31
0.28
0.24
0.21
0.2
0.19
0.19
0.19
0.19
0.19
0.19
0.18
0.17
0.16
0.14
0.13
0.12
0.11
0.1
0.09
0.08
0.08
0.08
0.08
0.07
0.07
0.06
0.05
0.05
0.05
0.04
0.04
0.03
0.03
0.03
0.02
0.02
0.02
0.02
0.01
0.01
0.01
0.01
0.01
0.01
0
0
0
0
0
0
0
0
0
0
0
0
0
0
0
0
0
0
0
0
0
0
0
0
0
0
0
0
0
0
0
0
0
0
0
0
0
0
0
0
0
0
0
0
0
0
0
0
0
0
0
0
0
0
0
0
0
0
0
0
0
0
0
0
0
0
0
0
0
0
0
0
0
0
0
0
0
0
0
0
0
0
0
0
0
0
0
0
0
0
0
0
0
0
0
0
0
0
0
0
0
0
0
0
0
0
0
0
0
0
0
0
0
0
0
0
0
0
0
0
0
0
0
0
0
0
0
0
0
0
0
0
0
0
0
0
0
0
0
0
0
0
0
0
0
0
0
0
0
0
0
0
0
0
0
0
0
0
0
0
0
0
0
0
0
0
0
0
0
0
0
0
0
0
0
0
0
0
0
0
0
0
0
0
0
0
0
0
0
0
0
0
0
0
0
0
0
0
0
0
0
0
0
0
0
0
0
0
0
0
0
0
0
0
0
0
0
0
0
0
0
0
0
0
0
0
0
0
0
0
0
0
0
0
0
0
0
0
0
0
0
0
0
0
0
0
0
0
0
0
0
0
0
0
0
0
0
0
0
0
0
0
0
0
0
0
0
0
0
0
0
0
0
0
0
0
0
0
0
0
0
0
0
0
0
0
0
0
0
0
0
0
0
0
0
0
0
0
0
0
0
0
0
0
0
0
0
0
0
0
0
0
0
0
0
0
0
0
0
0
0
0
0
0
0
0
0
0
0
0
0
0
0
0
0
0
0
0
0
0
0
0
0
0
0
0
0
0
0
0
0
0
0
0
0
0
0
0
0
0
0
0
0
0
0
0
0
0
0
0
0
0
0
0
0
0
0
0
0
0
0
0
0
0
0
0
0
0
0
0
0
0
0
0
0
0
0
0
0
0
0
