0
0
0
0
0
0
0
0
0
0
0
0
0
0
0
0
0
0
0
0
0
0
0
0
0
0
0
0
0
0
0
0
0
0
0
0
0
0
0
0
0
0
0
0
0
0
0
0
0
0
0
0
0
0
0
0
0
0
0
0
0
0
0
0
0
0
0
0
0
0
0
0
0
0
0
0
0
0
0
0
0
0
0
0
0
0
0
0
0
0
0
0
0
0
0
0
0
0
0
0
0
0
0
0
0
0
0
0
0
0
0
0
0
0
0
0
0
0
0
0
0
0
0
0
0
0
0
0
0
0
0
0
0
0
0
0
0
0
0
0
0
0
0
0
0
0
0
0
0
0
0
0
0
0
0
0
0
0
0
0
0
0
0
0
0
0
0
0
0
0
0
0
0
0
0
0
0
0
0
0
0
0
0
0
0
0
0
0
0
0
0
0
0
0
0
0
0
0
0
0
0
0
0
0
0
0
0
0
0
0
0
0
0
0
0
0
0
0
0
0
0
0
0
0
0
0
0
0
0
0
0
0
0
0
0
0
0
0
0
0
0
0
0
0
0
0
0
0
0
0
0
0
0
0
0
0
0
0
0
0
0
0
0
0
0
0
0
0
0
0
0
0
0
0
0
0
0
0
0
0
0
0
0
0
0
0
0
0
0
0
0
0
0
0
0
0
0
0
0
0
0
0
0
0
0
0
0
0
0
0
0
0
0
0
0
0
0
0
0
0
0
0
0
0
0
0
0
0
0
0
0
0
0
0
0
0
0
0
0
0
0
0
0
0
0
0
0
0
0
0
0
0
0
0
0
0
0
0
0
0
0
0
0
0
0
0
0
0
0
0
0
0
0
0
0
0
0
0
0
0
0
0
0
0
0
0
0
0
0
0
0
0
0
0
0
0
0
0
0
0
0
0
0
0
0
0
0
0
0
0
0
0
0
0
0
0
0
0
0
0
0
0
0
0
0
0
0
0
0
0
0
0
0
0
0.01
0.01
0.01
0.01
0.01
0.01
0.01
0.01
0.02
0.02
0.02
0.03
0.03
0.03
0.04
0.04
0.05
0.05
0.06
0.06
0.07
0.07
0.08
0.09
0.09
0.1
0.1
0.11
0.12
0.12
0.13
0.14
0.14
0.15
0.16
0.16
0.17
0.17
0.18
0.19
0.19
0.2
0.21
0.22
0.23
0.25
0.26
0.27
0.29
0.31
0.32
0.34
0.35
0.37
0.39
0.42
0.45
0.48
0.51
0.54
0.57
0.6
0.62
0.64
0.66
0.68
0.7
0.71
0.72
0.73
0.75
0.77
0.81
0.85
0.89
0.92
0.93
0.93
0.94
0.94
0.95
0.96
0.99
1
0.99
1.01
1.05
1.05
1.03
1.24
1.39
1.44
1.39
1.39
1.45
1.5
1.52
1.39
1.45
1.45
1.45
1.58
1.57
1.58
1.45
1.55
1.58
1.65
1.6
1.64
1.5
1.5
1.81
1.95
2.02
2
2.02
1.92
1.92
1.81
1.83
1.62
1.48
1.42
1.75
2.02
1.92
2.05
1.92
2.15
2.12
2.18
2.3
2.15
2.3
2.24
2.3
2.3
2.36
2.42
2.42
2.24
2.42
2.39
2.46
2.46
2.53
2.64
2.6
2.49
2.53
2.39
2.46
2.6
2.72
2.8
2.8
2.68
2.72
2.76
2.8
2.8
2.76
2.8
2.97
3.27
3.44
3.38
3.27
2.27
2.21
2.15
2.12
2.1
2.1
2.1
2.15
2.18
2.18
2.1
2.05
2.02
2.07
2.02
2.05
2.07
2.12
2.12
2.12
2.1
2.07
2.07
2.05
2.02
2.05
2.15
2.15
2.12
2.15
2.18
2.24
2.27
2.3
2.33
2.42
2.53
2.84
2.46
2.42
2.42
2.42
2.36
2.3
2.27
2.3
2.42
2.39
2.42
2.42
2.46
2.27
2.24
2.1
2.07
2.07
2.12
2.12
2.1
2.12
2.33
2.53
2.64
2.72
2.8
2.84
2.8
2.8
2.84
3.07
4.26
2.84
2.8
2.72
2.76
3.02
4.71
2.97
3.02
3.88
3.38
3.81
4.71
4.52
3.88
3.02
2.88
3.88
4.43
4.26
3.68
3.75
4.03
3.75
3.12
3.07
3.5
3.22
2.84
2.8
2.8
2.84
2.8
2.76
2.76
2.68
2.56
2.49
2.42
2.36
2.24
2.12
2
1.9
1.73
1.73
1.69
1.62
1.67
1.67
1.92
1.88
1.88
1.88
1.92
2.56
2.46
2.05
2.3
2.56
2.88
2.27
2.27
2.8
3.96
4.35
3.56
3.07
2.64
2.64
2.72
2.8
2
1.88
1.88
1.95
2.12
2.42
2.15
2.27
2.39
2.42
2.36
2.42
2.56
2.8
2.97
3.22
3.32
3.07
2.6
2.3
2.15
2.07
2
1.92
1.88
1.79
1.71
1.65
1.6
1.77
1.65
1.58
1.53
1.5
1.52
1.55
1.62
1.73
1.71
1.81
1.88
1.9
1.9
1.9
1.9
1.9
1.9
1.92
1.92
1.92
1.9
1.95
1.95
2
2
2
2
2
1.83
1.79
1.77
1.83
1.58
1.55
1.52
1.57
1.67
3.62
4.71
4.71
4.62
4.62
4.62
4.71
4.71
4.91
4.91
4.91
4.71
2.39
2.93
2.3
1.69
1.64
1.64
1.65
1.69
1.77
1.81
1.81
1.77
1.75
1.77
1.79
1.75
1.71
1.65
1.62
1.62
1.62
1.58
1.58
1.58
1.67
1.79
1.92
2.02
2.07
2.1
2.12
2.12
2.1
2.1
2.07
2.07
2.1
2.1
2.1
2.15
2.24
2.36
2.42
2.46
2.46
2.39
2.33
2.3
2.3
2.33
2.39
2.42
2.46
2.46
2.42
2.36
2.36
2.42
2.46
2.53
2.49
2.42
2.36
2.27
2.15
2
1.81
1.6
1.42
1.31
1.33
1.37
1.39
1.34
1.33
1.3
1.27
1.29
1.27
1.3
1.29
1.26
1.25
1.26
1.3
1.38
1.29
1.2
1.17
1.2
1.21
1.24
1.27
1.3
1.34
1.45
1.53
1.6
1.71
1.86
1.95
2
1.9
1.75
1.64
1.55
1.53
1.53
1.45
1.31
1.16
1.06
1.07
1.15
1.24
1.29
1.29
1.21
1.15
1.08
1.03
1.07
1.06
1.05
1.05
1.1
1.14
1.08
0.96
0.88
0.84
0.84
0.84
0.81
0.79
0.77
0.76
0.78
0.8
0.84
0.85
0.84
0.86
0.84
0.82
0.8
0.8
0.82
0.84
0.81
0.75
0.64
0.62
0.61
0.59
0.58
0.56
0.55
0.54
0.52
0.5
0.49
0.45
0.43
0.42
0.41
0.39
0.36
0.35
0.34
0.32
0.3
0.29
0.27
0.26
0.24
0.23
0.21
0.19
0.18
0.16
0.15
0.15
0.15
0.15
0.14
0.13
0.13
0.13
0.12
0.11
0.1
0.1
0.1
0.09
0.08
0.08
0.07
0.07
0.07
0.07
0.07
0.07
0.07
0.06
0.06
0.05
0.05
0.04
0.04
0.03
0.03
0.03
0.02
0.02
0.02
0.01
0.01
0.01
0.01
0.01
0.01
0
0
0
0
0
0
0
0
0
0
0
0
0
0
0
0
0
0
0
0
0
0
0
0
0
0
0
0
0
0
0
0
0
0
0
0
0
0
0
0
0
0
0
0
0
0
0
0
0
0
0
0
0
0
0
0
0
0
0
0
0
0
0
0
0
0
0
0
0
0
0
0
0
0
0
0
0
0
0
0
0
0
0
0
0
0
0
0
0
0
0
0
0
0
0
0
0
0
0
0
0
0
0
0
0
0
0
0
0
0
0
0
0
0
0
0
0
0
0
0
0
0
0
0
0
0
0
0
0
0
0
0
0
0
0
0
0
0
0
0
0
0
0
0
0
0
0
0
0
0
0
0
0
0
0
0
0
0
0
0
0
0
0
0
0
0
0
0
0
0
0
0
0
0
0
0
0
0
0
0
0
0
0
0
0
0
0
0
0
0
0
0
0
0
0
0
0
0
0
0
0
0
0
0
0
0
0
0
0
0
0
0
0
0
0
0
0
0
0
0
0
0
0
0
0
0
0
0
0
0
0
0
0
0
0
0
0
0
0
0
0
0
0
0
0
0
0
0
0
0
0
0
0
0
0
0
0
0
0
0
0
0
0
0
0
0
0
0
0
0
0
0
0
0
0
0
0
0
0
0
0
0
0
0
0
0
0
0
0
0
0
0
0
0
0
0
0
0
0
0
0
0
0
0
0
0
0
0
0
0
0
0
0
0
0
0
0
0
0
0
0
0
0
0
0
0
0
0
0
0
0
0
0
0
0
0
0
0
0
0
0
0
0
0
0
0
0
0
0
0
0
0
0
0
0
0
0
0
0
0
0
0
0
0
0
0
0
0
0
0
0
0
0
0
0
0
0
0
0
0
0
0
0
0
0
0
0
0
0
0
0
0
0
0
