0
0
0
0
0
0
0
0
0
0
0
0
0
0
0
0
0
0
0
0
0
0
0
0
0
0
0
0
0
0
0
0
0
0
0
0
0
0
0
0
0
0
0
0
0
0
0
0
0
0
0
0
0
0
0
0
0
0
0
0
0
0
0
0
0
0
0
0
0
0
0
0
0
0
0
0
0
0
0
0
0
0
0
0
0
0
0
0
0
0
0
0
0
0
0
0
0
0
0
0
0
0
0
0
0
0
0
0
0
0
0
0
0
0
0
0
0
0
0
0
0
0
0
0
0
0
0
0
0
0
0
0
0
0
0
0
0
0
0
0
0
0
0
0
0
0
0
0
0
0
0
0
0
0
0
0
0
0
0
0
0
0
0
0
0
0
0
0
0
0
0
0
0
0
0
0
0
0
0
0
0
0
0
0
0
0
0
0
0
0
0
0
0
0
0
0
0
0
0
0
0
0
0
0
0
0
0
0
0
0
0
0
0
0
0
0
0
0
0
0
0
0
0
0
0
0
0
0
0
0
0
0
0
0
0
0
0
0
0
0
0
0
0
0
0
0
0
0
0
0
0
0
0
0
0
0
0
0
0
0
0
0
0
0
0
0
0
0
0
0
0
0
0
0
0
0
0
0
0
0
0
0
0
0
0
0
0
0
0
0
0
0
0
0
0
0
0
0
0
0
0
0
0
0
0
0
0
0
0
0
0
0
0
0
0
0
0
0
0
0
0
0
0
0
0
0
0
0
0
0
0
0
0
0
0
0
0
0
0
0
0
0
0
0
0
0
0
0
0
0
0
0
0
0
0
0
0
0
0
0
0
0
0
0
0
0
0
0
0
0
0
0
0
0
0
0
0
0
0
0
0
0
0
0
0
0
0
0
0
0
0
0
0
0
0
0
0
0
0
0
0
0
0
0
0
0
0
0
0
0
0
0
0
0
0
0
0
0
0
0
0
0
0
0
0
0
0
0
0
0
0
0
0.01
0.01
0.01
0.01
0.01
0.01
0.02
0.02
0.03
0.03
0.04
0.04
0.05
0.05
0.06
0.07
0.07
0.08
0.09
0.09
0.1
0.1
0.11
0.11
0.11
0.12
0.12
0.13
0.14
0.15
0.15
0.16
0.17
0.18
0.19
0.21
0.24
0.28
0.32
0.35
0.37
0.39
0.41
0.43
0.46
0.47
0.49
0.49
0.49
0.5
0.51
0.52
0.54
0.57
0.6
0.63
0.66
0.68
0.72
0.76
0.8
0.83
0.87
0.93
0.99
1.08
1.16
1.26
1.35
1.41
1.43
1.42
1.4
1.35
1.32
1.29
1.42
1.34
1.31
1.36
1.29
1.19
1.21
1.2
1.43
1.16
1.16
1.34
1.78
1.8
1.65
1.95
2.1
2.29
2.4
2.45
2.5
2.53
2.58
2.61
2.63
2.69
2.72
2.75
2.77
2.83
2.86
2.89
2.96
2.99
2.99
3.02
3.06
3.09
3.13
3.16
3.2
3.23
3.27
3.31
3.35
3.38
3.38
3.46
3.5
3.55
3.59
3.59
3.63
3.67
3.67
3.72
3.77
3.81
3.81
3.86
3.91
3.96
3.96
4
4.06
4.06
4.11
4.16
4.16
4.21
4.21
4.27
4.32
4.32
4.38
4.38
4.44
4.5
4.5
4.56
4.62
4.75
4.62
4.62
4.68
4.75
4.81
4.88
3.91
5.24
5.24
5.16
5.02
5.16
5.24
5.31
5.39
4.56
5.64
5.72
6.09
5.9
5.16
4.88
5.64
5.72
5.81
5.55
4.95
6.28
5.9
5.39
3.46
6.48
6.48
3.23
3.2
3.42
4.81
4.27
4.06
5.02
7.29
6.93
6.7
4.75
6.59
4.16
4.11
4.21
4.11
3.81
3.96
4.11
3.59
3.09
3.02
2.99
2.89
3.06
2.89
2.72
2.69
2.63
2.5
2.33
2.38
2.48
2.4
2.43
2.29
1.83
2.12
2.96
3.59
4.06
3.35
2.99
2.86
2.58
2.69
2.83
3.06
3.27
3.72
3.72
3.72
3.81
3.46
4.16
4.16
4.11
4
3.77
3.5
3.46
3.13
2.96
2.38
2.66
2.96
2.77
3.02
3.06
3.31
3.55
3.63
4
4.38
4.62
5.39
5.47
5.99
5.72
6.93
5.72
5.81
6.48
6.81
5.72
5.39
4.88
4.68
5.02
4.88
4.81
4.56
4.27
3.77
3.63
3.42
3.42
3.5
3.59
3.38
2.96
2.86
2.53
2.53
3.09
3.63
4.06
4.16
4.62
4.38
4.81
5.16
5.31
4.81
4.21
4.16
3.86
4.21
3.96
4
4.68
5.02
4.62
4.21
4.88
6.18
6.59
6.28
6.09
5.55
5.09
5.16
4.88
4.56
4.27
4.21
4.44
4.11
3.77
3.63
3.59
4
3.77
5.81
5.24
4.88
4.62
3.86
4.68
4.16
3.63
3.55
3.42
4.06
3.86
2.96
2.96
2.86
3.09
3.5
3.67
3.27
3.38
2.96
2.96
3.38
3.06
3.09
3.13
3.23
3.35
3.16
3.2
3.06
3.06
2.83
2.96
3.38
2.86
2.77
3.02
3.06
3.2
5.99
4.95
6.93
3.86
3.96
4.11
8.11
8.58
7.68
8.91
8.26
5.47
5.55
8.91
7.96
5.47
6.81
4.21
4.06
3.86
3.42
3.02
2.66
2.77
3.42
5.09
4.68
4.5
4.06
3.67
3.35
2.99
2.69
2.75
2.93
3.09
2.8
2.89
2.55
2.29
2.31
2.72
2.96
3.02
3.46
3.81
3.72
3.31
3.27
3.35
3.2
2.66
2.33
2.14
2.04
1.97
1.78
1.74
1.78
1.88
1.75
1.72
1.74
1.95
1.93
1.92
1.95
1.97
1.92
2.02
1.93
1.88
1.8
1.77
1.71
1.69
1.68
1.71
1.77
1.83
1.95
2.08
2.25
2.4
2.83
3.27
3.5
3.38
3.02
2.83
2.66
2.61
2.43
2.25
2.22
2.27
2.14
1.92
1.82
1.83
1.72
1.77
1.68
1.71
1.83
1.82
1.97
2.2
2.5
2.77
2.93
2.89
2.63
2.5
2.8
3.27
3.35
3.31
3.13
2.86
2.63
2.33
2.14
1.9
1.64
1.41
1.33
1.36
1.37
1.47
1.66
1.82
1.8
1.85
1.88
1.78
1.88
2.06
2.25
2.4
2.38
2.22
2.02
1.82
1.72
1.71
1.83
2.1
2.25
2.16
2.06
2.01
2.02
2.01
1.86
1.77
1.8
1.92
1.93
1.86
1.8
1.72
1.69
1.61
1.55
1.59
1.66
1.74
1.85
1.9
1.86
1.78
1.69
1.58
1.42
1.3
1.17
1.1
1.05
0.95
0.92
0.9
0.89
0.89
0.91
0.92
0.93
0.92
0.9
0.91
0.86
0.83
0.83
0.81
0.8
0.82
0.81
0.8
0.79
0.77
0.76
0.74
0.71
0.68
0.64
0.6
0.57
0.55
0.52
0.49
0.47
0.45
0.44
0.41
0.4
0.37
0.35
0.33
0.32
0.3
0.28
0.25
0.23
0.22
0.2
0.18
0.16
0.15
0.14
0.12
0.11
0.1
0.09
0.08
0.07
0.06
0.06
0.05
0.04
0.04
0.03
0.03
0.02
0.02
0.02
0.01
0.01
0.01
0.01
0.01
0.01
0
0
0
0
0
0
0
0
0
0
0
0
0
0
0
0
0
0
0
0
0
0
0
0
0
0
0
0
0
0
0
0
0
0
0
0
0
0
0
0
0
0
0
0
0
0
0
0
0
0
0
0
0
0
0
0
0
0
0
0
0
0
0
0
0
0
0
0
0
0
0
0
0
0
0
0
0
0
0
0
0
0
0
0
0
0
0
0
0
0
0
0
0
0
0
0
0
0
0
0
0
0
0
0
0
0
0
0
0
0
0
0
0
0
0
0
0
0
0
0
0
0
0
0
0
0
0
0
0
0
0
0
0
0
0
0
0
0
0
0
0
0
0
0
0
0
0
0
0
0
0
0
0
0
0
0
0
0
0
0
0
0
0
0
0
0
0
0
0
0
0
0
0
0
0
0
0
0
0
0
0
0
0
0
0
0
0
0
0
0
0
0
0
0
0
0
0
0
0
0
0
0
0
0
0
0
0
0
0
0
0
0
0
0
0
0
0
0
0
0
0
0
0
0
0
0
0
0
0
0
0
0
0
0
0
0
0
0
0
0
0
0
0
0
0
0
0
0
0
0
0
0
0
0
0
0
0
0
0
0
0
0
0
0
0
0
0
0
0
0
0
0
0
0
0
0
0
0
0
0
0
0
0
0
0
0
0
0
0
0
0
0
0
0
0
0
0
0
0
0
0
0
0
0
0
0
0
0
0
0
0
0
0
0
0
0
0
0
0
0
0
0
0
0
0
0
0
0
0
0
0
0
0
0
0
0
0
0
0
0
0
0
0
0
0
0
0
0
0
0
0
0
0
0
0
0
0
0
0
0
0
0
0
0
0
0
0
0
0
0
0
0
0
0
0
0
0
0
0
0
0
0
0
