0.00

0.02

0.02

0.00

0.00

0.00

0.00

0.00

0.00

0.00

0.00

0.00

0.00

0.00

0.00

0.00

0.00

0.00

0.00

0.00

0.00

0.00

0.00

0.00

0.00

0.00

0.00

0.00

0.00

0.00

0.00

0.00

0.00

0.00

0.00

0.00

0.00

0.00

0.00

0.00

0.01

0.01

0.01

0.01

0.01

0.02

0.02

0.02

0.03

0.03

0.03

0.04

0.05

0.05

0.06

0.07

0.07

0.08

0.09

0.10

0.11

0.13

0.14

0.16

0.17

0.18

0.19

0.21

0.23

0.25

0.26

0.28

0.29

0.31

0.32

0.34

0.35

0.37

0.40

0.42

0.45

0.48

0.51

0.54

0.56

0.58

0.62

0.66

0.67

0.67

0.69

0.72

0.74

0.75

0.78

0.82

0.85

0.90

0.92

0.94

0.98

1.00

1.03

1.07

1.11

1.12

1.16

1.27

1.33

1.33

1.33

1.34

1.38

1.44

1.45

1.47

1.48

1.48

1.50

1.53

1.57

1.58

1.58

1.60

1.65

1.69

1.67

1.67

1.71

1.75

1.73

1.71

1.71

1.71

1.71

1.71

1.75

1.81

1.86

1.88

1.90

1.95

1.97

2.05

2.10

2.15

2.24

2.27

2.27

2.33

2.33

2.33

2.33

2.27

2.27

2.27

2.24

2.21

2.18

2.27

2.46

2.49

2.49

2.53

2.53

2.60

2.64

2.72

2.80

2.80

2.76

2.76

2.72

2.72

2.72

2.72

2.76

2.80

2.84

2.76

2.80

2.64

2.56

2.60

2.68

2.76

2.84

2.88

3.02

3.12

3.22

3.27

3.32

3.27

3.27

3.27

3.32

3.38

3.38

3.44

3.44

3.44

3.44

3.38

3.38

3.32

3.32

3.32

3.27

3.22

3.17

3.17

3.12

3.22

3.22

3.07

2.97

2.84

2.84

2.97

2.93

2.76

2.68

2.53

2.36

2.24

2.10

2.02

2.05

2.24

2.24

2.56

2.64

2.60

2.60

2.60

2.64

2.80

2.97

2.97

2.88

2.84

2.68

2.72

2.68

2.60

2.76

2.84

2.97

3.02

2.97

2.84

2.68

2.64

2.56

2.60

2.60

2.53

2.53

2.53

2.53

2.53

2.56

2.64

2.64

2.72

2.68

2.56

2.80

2.80

2.88

3.22

3.81

4.35

4.35

4.18

4.11

9.38

13.54

3.88

3.81

3.68

3.62

3.68

3.75

3.75

3.81

3.81

3.96

3.96

3.96

3.75

3.75

3.56

3.68

3.56

3.68

3.56

3.32

3.12

3.02

2.97

2.84

2.76

2.72

2.42

2.42

2.53

2.46

2.60

2.72

2.72

2.68

2.80

3.07

3.62

4.35

4.62

4.26

4.43

4.71

4.43

4.62

4.81

4.62

4.52

4.35

3.96

3.96

3.88

3.44

3.38

3.02

2.84

2.64

2.76

2.93

2.84

2.84

2.88

2.84

2.97

2.88

3.68

4.18

3.96

3.38

3.17

3.56

3.38

3.27

3.75

3.75

3.68

3.88

3.81

3.68

3.22

2.88

2.80

3.17

3.27

3.32

3.68

3.56

3.12

3.32

3.50

3.50

3.22

3.22

3.27

3.62

3.56

4.62

5.24

5.48

5.02

3.68

3.27

3.38

3.62

3.27

2.84

3.17

2.68

3.50

4.71

4.81

4.71

5.12

5.02

5.02

3.96

2.49

3.44

3.68

3.62

2.97

2.76

2.72

2.72

2.68

2.60

2.60

2.64

2.60

2.60

2.60

2.60

2.60

2.60

2.56

2.56

2.56

2.56

2.56

2.56

2.56

2.56

2.53

2.53

2.53

2.53

2.53

2.56

2.60

2.60

2.60

2.60

2.64

2.64

2.64

2.64

2.68

2.68

2.72

2.84

3.02

3.56

4.18

4.35

4.62

4.62

4.35

4.11

4.11

4.18

4.52

4.18

3.81

3.88

4.18

4.62

4.71

4.71

4.43

3.88

3.68

3.68

3.50

3.27

3.02

3.02

3.02

2.76

2.80

2.64

2.49

2.53

2.56

2.53

2.56

2.68

2.56

2.53

2.53

2.56

2.72

2.80

2.72

2.76

2.80

2.93

3.02

3.12

3.17

3.27

3.50

3.68

3.75

4.03

3.88

3.38

3.27

3.32

3.32

3.38

3.44

3.32

3.17

3.27

3.44

3.50

3.62

3.56

3.38

3.38

3.56

3.88

4.03

4.03

3.62

3.27

3.02

2.88

2.84

2.84

2.84

2.80

2.76

2.60

2.33

2.15

2.00

1.92

2.02

2.18

2.15

2.18

2.27

2.33

2.49

2.53

2.42

2.24

2.07

1.95

1.83

1.75

1.75

1.77

1.83

1.83

1.73

1.71

1.73

1.73

1.81

1.83

1.88

1.83

1.79

1.73

1.62

1.57

1.55

1.55

1.58

1.58

1.57

1.64

1.77

1.95

1.88

1.69

1.47

1.42

1.45

1.52

1.62

1.75

1.75

1.58

1.42

1.39

1.62

1.90

1.97

1.81

1.62

1.44

1.31

1.29

1.21

1.19

1.18

1.09

0.98

0.95

1.00

1.04

1.07

1.06

1.00

0.96

0.94

0.98

1.02

1.01

0.93

0.82

0.70

0.60

0.54

0.51

0.50

0.50

0.50

0.50

0.50

0.50

0.50

0.47

0.44

0.41

0.37

0.33

0.30

0.27

0.24

0.23

0.23

0.23

0.21

0.19

0.17

0.15

0.14

0.13

0.12

0.10

0.09

0.08

0.07

0.06

0.06

0.05

0.04

0.04

0.03

0.02

0.02

0.02

0.01

0.01

0.01

0.01

0.01

0.00

0.00

0.00

0.00

0.00

0.00

0.00

0.00

0.00

0.00

0.00

0.00

0.00

0.00

0.00

0.00

0.00

0.00

0.00

0.00

0.00

0.00

0.00

0.00

0.00

0.00

0.00

0.00

0.00

0.00

0.00

0.00

0.00

0.00

0.00

0.00

0.00

0.00

0.00

0.00

0.00

0.00

0.00

0.00

0.00

0.00

0.00

0.00

0.00

0.00

0.00

0.00

0.00

0.00

0.00

0.00

0.00

0.00

0.00

0.00

0.00

0.00

0.00

0.00

0.00

0.00

0.00

0.00

0.00

0.00

0.00

0.00

0.00

0.00

0.00

0.00

0.00

0.00

0.00

0.00

0.00

0.00

0.00

0.00

0.00

0.00

0.00

0.00

0.00

0.00

0.00

0.00

0.00

0.00

0.00

0.00

0.00

0.00

0.00

0.00

0.00

0.00

0.00

0.00

0.00

0.00

0.00

0.00

0.00

0.05

0.00

