0.00

0.02

0.04

0.00

0.00

0.00

0.00

0.00

0.00

0.00

0.00

0.00

0.00

0.00

0.00

0.00

0.00

0.00

0.00

0.00

0.00

0.00

0.00

0.00

0.00

0.00

0.00

0.00

0.00

0.00

0.00

0.00

0.00

0.00

0.01

0.01

0.01

0.01

0.01

0.02

0.02

0.02

0.03

0.03

0.04

0.05

0.05

0.06

0.07

0.09

0.10

0.11

0.13

0.14

0.16

0.18

0.20

0.22

0.24

0.27

0.29

0.32

0.35

0.37

0.40

0.43

0.46

0.50

0.53

0.56

0.60

0.63

0.67

0.70

0.74

0.77

0.81

0.84

0.89

0.93

0.97

1.00

1.05

1.09

1.13

1.16

1.20

1.24

1.27

1.31

1.35

1.38

1.42

1.47

1.50

1.53

1.57

1.62

1.64

1.67

1.71

1.81

1.79

1.81

1.86

1.88

1.92

1.95

2.00

2.02

2.05

2.10

2.12

2.15

2.21

2.24

2.27

2.30

2.33

2.36

2.39

2.42

2.46

2.49

2.53

2.60

2.60

2.68

2.72

2.76

2.80

2.80

2.84

2.84

2.88

2.88

2.93

2.93

2.97

3.02

3.02

3.07

3.12

3.12

3.17

3.17

3.17

3.22

3.22

3.22

3.27

3.22

3.27

3.38

3.38

3.44

3.44

3.44

3.44

3.44

3.50

3.50

3.50

3.56

3.56

3.62

3.68

3.81

3.88

3.88

3.96

4.03

3.88

4.52

5.12

5.48

5.60

5.48

5.12

4.52

4.35

4.52

4.91

4.91

5.12

6.81

9.38

11.56

11.14

9.08

7.81

7.81

7.59

6.31

6.01

7.00

7.81

7.00

6.81

6.47

6.31

7.00

5.87

5.36

6.01

6.47

6.81

7.19

6.31

6.47

6.64

6.01

6.47

8.53

8.28

8.80

11.56

12.48

12.00

12.00

12.00

10.37

10.02

10.37

9.38

11.14

11.56

10.02

9.38

8.28

8.28

11.56

8.53

9.08

10.02

11.14

12.48

12.99

12.48

12.99

13.54

13.54

13.54

13.54

14.12

15.44

17.85

22.24

28.90

28.90

25.20

23.64

19.84

20.98

36.58

33.66

26.94

28.90

28.90

23.64

25.20

25.20

17.85

16.98

28.90

33.66

36.58

26.94

26.94

22.24

16.18

15.44

16.18

13.54

14.12

12.99

12.00

9.38

8.04

7.59

7.00

6.81

6.81

7.19

8.28

7.59

8.04

8.80

8.04

7.59

7.81

7.38

7.38

7.59

9.08

10.02

8.53

7.81

8.80

10.74

9.38

10.02

9.38

10.37

10.37

9.38

8.80

8.80

8.80

9.38

10.02

10.37

12.48

12.48

12.99

14.76

13.54

12.99

12.00

10.74

10.74

11.14

12.99

14.12

15.44

12.99

11.14

9.38

9.38

10.74

10.02

8.80

7.81

7.38

7.81

8.04

7.19

8.28

10.37

10.74

8.80

8.28

9.08

12.48

18.80

25.20

28.90

23.64

19.84

16.18

13.54

14.12

19.84

23.64

20.98

20.98

25.20

36.58

33.66

31.13

25.20

18.80

25.20

36.58

48.63

61.20

61.20

54.29

36.58

25.20

23.64

22.24

18.80

16.98

14.12

12.48

11.14

8.80

8.28

11.14

14.12

14.76

12.00

11.56

12.00

13.54

15.44

17.85

20.98

23.64

26.94

31.13

39.96

25.20

26.94

33.66

31.13

33.66

28.90

18.80

16.98

31.13

33.66

43.93

39.96

36.58

43.93

95.11

184.47

254.62

390.19

390.19

254.62

114.61

48.63

19.84

11.56

10.37

9.38

8.80

8.80

9.08

9.38

10.37

12.48

14.12

17.85

19.84

22.24

28.90

33.66

33.66

33.66

33.66

39.96

43.93

43.93

28.90

15.44

9.08

8.04

8.53

7.81

6.47

6.16

6.31

7.19

8.80

11.14

16.18

17.85

15.44

12.00

12.99

19.84

22.24

20.98

18.80

15.44

16.18

18.80

25.20

26.94

31.13

36.58

54.29

80.76

36.58

22.24

12.00

7.38

5.02

5.12

6.64

9.38

11.14

12.00

11.14

8.53

6.31

4.43

3.22

2.72

2.68

2.56

2.49

2.53

2.42

2.27

2.30

2.36

2.46

2.93

3.62

4.52

5.60

6.31

7.00

7.19

7.00

7.00

8.80

8.80

9.38

10.37

11.14

12.48

13.54

15.44

16.98

17.85

19.84

20.98

20.98

18.80

16.18

14.12

12.48

11.56

10.74

10.02

10.02

10.02

11.14

11.56

10.74

9.38

9.69

12.48

16.98

17.85

19.84

18.80

11.14

7.38

6.01

5.60

7.00

7.59

7.81

11.56

19.84

43.93

33.66

14.12

8.80

6.64

5.60

5.12

4.71

4.62

4.71

5.12

5.12

4.81

4.81

5.12

5.60

6.01

6.31

6.64

6.47

6.31

6.16

6.01

5.87

5.60

5.73

5.73

5.73

5.48

5.24

5.12

5.02

5.02

5.12

5.36

5.48

5.60

6.01

6.31

6.01

5.48

5.12

4.71

4.35

4.03

3.75

3.56

3.38

3.27

3.17

3.07

2.97

2.84

2.76

2.68

2.56

2.46

2.39

2.27

2.30

2.10

2.00

1.92

1.86

1.77

1.69

1.62

1.53

1.47

1.39

1.33

1.25

1.19

1.12

1.06

0.99

0.93

0.87

0.82

0.77

0.71

0.67

0.62

0.58

0.54

0.50

0.46

0.42

0.38

0.35

0.33

0.30

0.27

0.24

0.21

0.19

0.16

0.14

0.13

0.12

0.11

0.09

0.08

0.07

0.06

0.05

0.04

0.03

0.02

0.01

0.01

0.01

0.01

0.00

0.00

0.00

0.00

0.00

0.00

0.00

0.00

0.00

0.00

0.00

0.00

0.00

0.00

0.00

0.00

0.00

0.00

0.00

0.00

0.00

0.00

0.00

0.00

0.00

0.00

0.00

0.00

0.00

0.00

0.00

0.00

0.00

0.00

0.00

0.00

0.00

0.00

0.00

0.00

0.00

0.00

0.00

0.00

0.00

0.00

0.02

0.07

0.07

0.00

