0.00

0.01

0.00

0.00

0.01

0.00

0.00

0.00

0.00

0.00

0.00

0.00

0.00

0.00

0.01

0.01

0.02

0.01

0.01

0.01

0.01

0.01

0.01

0.01

0.01

0.01

0.01

0.01

0.01

0.01

0.01

0.02

0.02

0.02

0.02

0.02

0.02

0.03

0.03

0.03

0.03

0.04

0.04

0.05

0.06

0.06

0.07

0.08

0.09

0.10

0.10

0.11

0.12

0.14

0.15

0.17

0.18

0.20

0.21

0.23

0.24

0.25

0.27

0.29

0.30

0.31

0.33

0.36

0.38

0.40

0.42

0.44

0.46

0.49

0.50

0.53

0.54

0.56

0.59

0.61

0.63

0.65

0.69

0.74

0.79

0.84

0.89

0.93

0.98

1.03

1.07

1.11

1.14

1.19

1.26

1.35

1.44

1.52

1.60

1.69

1.79

1.92

1.92

2.00

2.05

2.12

2.21

2.33

2.46

2.53

2.60

2.64

2.72

2.80

2.93

2.97

3.02

3.02

3.07

3.17

3.22

3.27

3.38

3.38

3.38

3.38

3.32

3.27

3.27

3.27

3.22

3.22

3.27

3.32

3.32

3.32

3.32

3.32

3.32

3.32

3.32

3.38

3.38

3.27

3.27

3.38

3.44

3.50

3.56

3.75

3.81

3.96

4.18

4.26

4.35

4.35

4.43

4.35

4.26

4.18

4.18

4.18

4.35

4.52

4.81

5.02

5.12

5.24

5.24

5.24

5.24

5.24

5.12

5.02

5.02

5.12

5.02

4.91

4.81

4.81

4.71

4.62

4.52

4.52

4.52

4.43

4.43

4.43

4.43

4.43

4.43

4.43

4.43

4.43

4.43

4.52

4.52

4.62

4.62

4.71

4.81

5.36

5.36

5.87

6.47

7.19

7.59

8.28

8.04

8.28

8.04

7.59

7.19

6.81

6.81

6.81

6.81

7.00

7.00

7.19

7.19

7.19

7.19

7.00

7.00

6.81

6.81

7.00

6.81

6.81

7.00

7.00

7.00

7.00

7.00

7.00

7.19

7.38

7.59

7.81

8.04

8.04

7.81

7.81

7.81

8.04

8.53

8.53

8.80

8.80

9.08

9.38

9.38

9.08

9.08

9.38

9.69

10.74

14.12

13.54

15.44

16.98

11.56

12.00

12.48

11.56

12.00

12.48

12.00

16.98

12.99

10.74

12.99

12.48

22.24

17.85

13.54

16.18

12.99

15.44

14.12

14.76

12.99

16.98

12.48

12.48

12.00

11.56

10.74

10.74

11.56

11.56

20.98

22.24

11.56

22.24

11.14

12.00

28.90

33.66

31.13

15.44

14.12

16.18

15.44

14.76

12.99

12.48

12.00

12.00

12.00

11.56

11.14

10.74

10.02

9.38

8.53

8.04

8.04

7.19

6.81

6.81

6.64

6.47

6.64

6.64

6.64

6.64

6.64

6.81

6.81

6.81

6.81

7.00

7.19

7.19

7.19

8.53

9.69

10.37

11.14

11.56

12.00

12.48

13.54

13.54

17.85

19.84

5.60

5.60

5.60

5.73

5.87

6.01

6.31

6.64

7.19

7.81

8.28

8.53

8.53

8.53

8.04

7.81

7.59

7.59

7.81

7.81

7.81

7.81

7.00

6.47

6.01

6.16

6.64

6.81

8.53

11.14

7.00

6.01

5.48

5.60

5.60

10.02

9.08

7.00

7.81

12.48

13.54

14.76

14.76

12.48

8.04

5.87

5.02

6.81

6.64

5.48

6.16

7.81

9.38

10.74

7.81

5.73

5.60

5.73

5.87

6.01

6.01

5.48

5.24

5.24

5.24

5.24

5.36

5.24

5.24

5.36

5.73

6.16

6.31

6.47

6.31

6.16

6.01

6.01

6.01

6.16

6.16

6.01

5.48

5.24

5.02

4.91

4.71

4.62

5.02

5.12

5.02

5.02

5.24

5.73

5.73

5.60

5.60

5.60

5.48

5.36

5.24

5.24

5.36

5.60

5.60

5.36

5.48

5.73

6.01

6.31

6.64

6.81

6.81

6.81

6.81

6.47

6.16

6.01

6.01

6.01

6.31

7.00

7.59

8.04

8.28

8.28

8.28

8.28

7.81

7.38

7.38

7.19

7.19

7.19

7.19

7.19

7.38

7.38

7.38

7.38

7.38

7.59

7.59

7.59

7.38

7.38

7.00

6.47

5.87

5.02

4.26

3.88

3.88

4.11

4.11

4.11

4.11

4.03

3.88

3.81

3.96

3.96

3.96

3.88

3.88

3.81

3.75

3.81

3.96

3.88

3.88

3.96

3.81

3.81

4.03

4.03

4.11

4.26

4.43

4.62

5.12

5.60

5.87

5.87

5.48

5.12

4.91

4.71

4.52

4.18

3.81

3.56

3.38

3.44

3.75

4.03

4.43

4.52

4.43

4.35

4.18

3.96

3.81

3.62

3.38

3.22

3.44

3.68

3.56

3.38

3.17

3.27

3.56

3.50

3.22

3.02

2.97

3.07

3.32

3.32

3.27

3.32

3.27

3.22

3.12

3.02

2.93

2.88

2.93

2.84

2.72

2.46

2.24

2.12

2.05

2.00

2.00

1.95

1.88

1.77

1.69

1.62

1.55

1.50

1.42

1.38

1.34

1.31

1.29

1.25

1.19

1.16

1.15

1.12

1.01

0.93

0.92

0.89

0.84

0.80

0.76

0.68

0.62

0.62

0.63

0.59

0.53

0.48

0.48

0.50

0.50

0.46

0.43

0.41

0.41

0.39

0.36

0.33

0.31

0.28

0.26

0.25

0.24

0.23

0.23

0.21

0.19

0.18

0.17

0.15

0.13

0.12

0.10

0.09

0.08

0.07

0.06

0.06

0.05

0.05

0.04

0.04

0.04

0.03

0.03

0.03

0.02

0.02

0.02

0.02

0.02

0.02

0.01

0.01

0.01

0.01

0.01

0.01

0.01

0.01

0.01

0.01

0.01

0.01

0.01

0.01

0.01

0.01

0.01

0.01

0.01

0.01

0.01

0.01

0.01

0.01

0.01

0.01

0.01

0.01

0.01

0.01

0.01

0.01

0.01

0.01

0.01

0.01

0.01

0.01

0.01

0.01

0.01

0.01

0.01

0.01

0.01

0.01

0.01

0.01

0.01

0.01

0.01

0.01

0.01

0.01

0.01

0.00

0.00

0.00

0.00

0.00

0.00

0.00

0.01

0.00

0.00

0.03

0.03

0.03

0.03

0.03

0.04

0.00

0.00

0.00

0.00

0.03

