0.00

0.03

0.00

0.00

0.00

0.01

0.00

0.00

0.00

0.00

0.00

0.00

0.00

0.00

0.00

0.00

0.00

0.00

0.00

0.00

0.00

0.00

0.00

0.00

0.00

0.00

0.00

0.01

0.01

0.01

0.01

0.01

0.02

0.02

0.02

0.03

0.03

0.04

0.04

0.05

0.06

0.07

0.08

0.09

0.10

0.12

0.13

0.15

0.17

0.19

0.21

0.23

0.25

0.27

0.30

0.32

0.35

0.38

0.40

0.43

0.46

0.49

0.52

0.55

0.58

0.61

0.64

0.67

0.70

0.74

0.77

0.80

0.83

0.85

0.88

0.91

0.94

0.97

0.99

1.02

1.05

1.08

1.11

1.13

1.16

1.18

1.20

1.23

1.26

1.29

1.31

1.33

1.35

1.38

1.41

1.42

1.45

1.47

1.50

1.52

1.53

1.58

1.58

1.60

1.62

1.64

1.65

1.67

1.71

1.71

1.73

1.75

1.77

1.79

1.81

1.83

1.86

1.86

1.88

1.90

1.92

1.92

1.95

1.95

1.97

2.00

2.00

2.02

2.02

2.05

2.05

2.07

2.10

2.10

2.10

2.12

2.15

2.15

2.15

2.18

2.18

2.21

2.21

2.24

2.24

2.24

2.27

2.27

2.27

2.30

2.30

2.33

2.33

2.33

2.36

2.36

2.36

2.39

2.39

2.39

2.42

2.42

2.42

2.46

2.46

2.49

2.49

2.53

2.53

2.56

2.56

2.60

2.60

2.64

2.64

2.68

2.68

2.72

2.76

2.76

2.80

2.80

2.80

2.84

2.84

2.88

2.88

2.88

2.93

2.88

2.84

2.88

2.88

2.93

2.93

2.93

2.93

2.97

2.97

2.97

2.97

3.07

3.02

3.02

3.02

3.02

3.07

3.07

3.07

3.07

3.07

3.12

3.12

3.12

3.12

3.12

3.12

3.12

3.17

3.17

3.17

3.17

3.22

3.22

3.22

3.22

3.22

3.22

3.22

3.22

3.22

3.22

3.27

3.27

3.27

3.27

3.27

3.27

3.27

3.27

3.27

3.32

3.32

3.32

3.32

3.32

3.32

3.32

3.32

3.32

3.32

3.32

3.32

3.32

3.32

3.32

3.32

3.38

3.38

3.38

3.38

3.38

3.38

3.38

3.38

3.38

3.32

3.32

3.32

3.32

3.32

3.32

3.32

3.32

3.32

3.32

3.32

3.32

3.32

3.32

3.32

3.32

3.32

3.32

3.32

3.32

3.38

3.38

3.38

3.44

3.44

3.44

3.44

3.50

3.50

3.50

3.56

3.56

3.56

3.56

3.56

3.62

3.56

3.56

3.56

3.56

3.56

3.56

3.56

3.56

3.56

3.56

3.56

3.56

3.56

3.56

3.56

3.56

3.56

3.56

3.56

3.56

3.56

3.56

3.56

3.56

3.56

3.56

3.56

3.56

3.56

3.56

3.56

3.56

3.56

3.56

3.56

3.56

3.56

3.56

3.56

3.56

3.56

3.56

3.56

3.56

3.56

3.56

3.56

3.56

3.56

3.56

3.56

3.56

3.56

3.56

3.56

3.56

3.56

3.56

3.56

3.56

3.56

3.56

3.56

3.56

3.56

3.56

3.56

3.56

3.56

3.56

3.56

5.48

8.04

9.38

9.08

8.04

5.48

4.43

4.91

4.52

3.75

4.62

4.81

6.64

7.81

8.28

7.81

6.31

5.24

8.04

8.04

6.16

3.68

3.50

3.75

3.44

3.38

3.44

3.44

3.44

3.38

3.38

3.38

3.38

3.38

3.38

3.32

3.32

3.38

3.38

3.32

3.32

3.32

3.32

3.32

3.38

3.38

3.38

3.38

3.38

3.32

3.32

3.32

3.32

3.32

3.32

3.32

3.32

3.32

3.32

3.32

3.32

3.27

3.27

3.27

3.27

3.27

3.27

3.27

3.27

3.27

3.27

3.22

3.22

3.22

3.22

3.22

3.22

3.22

3.22

3.17

3.17

3.17

3.17

3.17

3.17

3.17

3.12

3.12

3.12

3.12

3.12

3.07

3.12

3.07

3.07

3.07

3.07

3.07

3.07

3.07

3.07

3.07

3.07

3.02

3.02

3.02

2.97

2.97

2.97

2.97

2.97

2.97

2.97

2.93

2.93

2.93

2.93

2.93

2.93

2.93

2.93

2.93

2.93

2.93

2.93

2.93

2.93

2.93

3.02

2.97

2.97

2.97

2.97

2.97

2.97

2.97

2.97

2.97

2.97

2.97

2.97

2.97

2.97

2.93

2.97

2.97

2.97

2.97

3.02

3.07

3.12

3.17

3.22

3.27

3.27

3.27

3.27

3.32

3.38

3.50

3.56

3.62

3.56

3.62

3.68

3.68

3.68

3.75

3.68

3.62

3.62

3.56

3.56

3.56

3.56

3.62

3.62

3.62

3.62

3.56

3.44

3.32

3.27

3.17

3.07

3.02

3.02

3.02

2.97

2.97

2.97

3.02

2.97

2.93

2.93

2.88

2.88

2.88

2.84

2.84

2.80

2.76

2.72

2.68

2.60

2.56

2.49

2.46

2.39

2.36

2.33

2.30

2.24

2.18

2.10

2.02

1.95

1.86

1.79

1.71

1.65

1.58

1.53

1.48

1.45

1.41

1.37

1.33

1.29

1.21

1.14

1.07

1.00

0.94

0.89

0.84

0.79

0.74

0.69

0.64

0.60

0.57

0.54

0.51

0.49

0.46

0.44

0.41

0.39

0.37

0.35

0.34

0.32

0.30

0.29

0.27

0.26

0.24

0.21

0.20

0.18

0.16

0.14

0.12

0.11

0.10

0.09

0.08

0.07

0.06

0.05

0.05

0.04

0.03

0.03

0.03

0.02

0.02

0.01

0.01

0.01

0.01

0.01

0.01

0.00

0.00

0.00

0.00

0.00

0.00

0.00

0.00

0.00

0.00

0.00

0.00

0.00

0.00

0.00

0.00

0.00

0.00

0.00

0.00

0.00

0.00

0.00

0.00

0.00

0.00

0.00

0.00

0.00

0.00

0.00

0.00

0.00

0.00

0.00

0.00

0.00

0.00

0.00

0.00

0.00

0.00

0.00

0.00

0.00

0.00

0.00

0.00

0.00

0.00

0.00

0.00

0.00

0.00

0.00

0.00

0.00

0.00

0.00

0.00

0.00

0.00

0.00

0.00

0.00

0.00

0.00

0.00

0.00

0.00

0.00

0.00

0.04

0.05

0.04

