0.00

0.01

0.00

0.00

0.00

0.00

0.00

0.02

0.02

0.02

0.01

0.01

0.01

0.01

0.01

0.01

0.02

0.01

0.02

0.02

0.02

0.02

0.02

0.02

0.02

0.02

0.02

0.02

0.02

0.02

0.02

0.02

0.03

0.03

0.03

0.04

0.04

0.05

0.05

0.05

0.06

0.07

0.07

0.08

0.09

0.11

0.12

0.13

0.14

0.16

0.18

0.19

0.20

0.21

0.21

0.22

0.23

0.24

0.25

0.26

0.28

0.29

0.30

0.32

0.33

0.35

0.36

0.37

0.39

0.41

0.43

0.47

0.52

0.58

0.64

0.68

0.71

0.75

0.79

0.84

0.89

0.93

0.98

1.00

1.01

1.00

0.99

1.00

1.04

1.09

1.14

1.20

1.26

1.33

1.39

1.45

1.48

1.52

1.57

1.65

1.79

1.95

2.12

2.33

2.53

2.68

2.76

2.76

2.72

2.64

2.60

2.49

2.42

2.36

2.30

2.30

2.12

2.07

2.10

2.07

2.07

2.02

2.07

2.15

2.27

2.30

2.33

2.36

2.39

2.39

2.42

2.42

2.46

2.49

2.49

2.49

2.53

2.53

2.56

2.56

2.56

2.60

2.60

2.64

2.64

2.68

2.68

2.72

2.76

2.76

2.80

2.84

2.84

2.84

2.84

2.88

2.93

2.93

2.93

2.93

2.93

2.97

2.97

3.02

3.02

3.07

3.07

3.12

3.12

3.17

3.17

3.17

3.22

3.22

3.27

3.32

3.32

3.38

3.38

3.38

3.38

3.44

3.44

3.44

3.50

3.56

3.56

3.56

3.56

3.62

3.62

3.62

3.68

3.81

3.88

3.75

3.68

3.81

3.96

3.96

4.18

4.62

5.36

5.02

4.52

4.18

4.11

4.26

4.62

5.12

5.73

7.00

5.73

6.64

5.12

4.35

4.52

4.43

3.88

4.11

5.12

5.36

5.02

4.81

4.62

4.62

4.71

5.12

4.91

4.11

3.88

4.11

4.71

5.87

6.31

6.64

5.73

5.36

5.87

5.87

6.64

7.00

6.81

6.64

6.01

5.87

5.60

5.24

4.91

4.81

4.71

4.71

4.81

4.52

4.18

4.35

4.18

3.68

3.68

3.81

3.88

3.96

4.11

3.68

3.27

4.11

5.12

6.31

5.60

4.91

4.62

4.71

4.71

4.71

4.52

4.81

5.60

5.87

6.01

6.16

5.73

6.47

6.64

6.64

6.47

5.73

5.24

4.91

4.62

4.43

4.26

3.96

4.03

4.03

4.35

4.71

4.91

5.36

5.73

5.87

6.31

7.00

7.00

7.38

7.59

7.38

7.59

8.04

9.38

12.48

14.12

16.98

14.76

12.99

12.48

14.12

12.48

12.48

11.56

10.74

9.69

8.80

8.80

8.53

9.08

10.02

9.08

8.04

7.59

6.64

6.16

7.19

8.80

10.02

9.69

11.14

12.48

13.54

14.76

16.98

16.98

12.00

11.14

10.74

12.48

12.00

11.56

12.99

10.74

9.69

10.37

12.48

16.98

16.98

18.80

17.85

31.13

28.90

20.98

14.12

12.99

12.00

11.14

11.14

10.37

9.38

9.38

9.69

8.80

9.69

10.74

12.48

12.00

10.74

10.74

13.54

15.44

14.76

12.99

13.54

12.00

11.14

7.81

8.53

7.19

7.19

8.28

9.08

9.08

9.08

8.80

8.04

8.53

7.81

8.80

12.48

10.02

9.08

8.28

8.53

8.04

7.81

7.59

7.00

7.19

6.81

7.38

8.53

7.19

6.81

8.28

10.37

9.38

10.02

9.38

9.69

11.14

12.99

12.99

12.48

12.99

13.54

14.76

13.54

12.48

12.99

12.48

11.56

10.74

10.02

9.08

8.04

7.19

7.00

8.28

10.37

12.00

12.00

11.14

10.02

9.08

8.04

6.64

6.16

6.16

6.47

5.87

5.73

5.60

4.81

4.18

4.52

4.81

5.60

7.19

8.53

8.53

7.59

7.81

8.28

7.81

6.81

5.73

5.24

5.02

4.62

4.11

3.68

3.62

3.68

3.68

3.68

3.75

4.11

4.11

3.81

3.96

3.96

3.88

3.75

3.68

3.50

3.50

3.38

3.38

3.38

3.32

3.32

3.27

3.38

3.38

3.50

3.96

4.03

4.81

5.87

7.00

7.38

6.64

5.73

4.81

4.81

5.02

5.02

5.36

5.24

4.71

4.43

4.26

4.18

4.43

4.52

4.11

3.81

3.96

4.52

4.52

5.12

6.47

7.59

8.04

8.04

7.59

7.00

7.00

7.38

7.00

7.00

6.47

5.48

4.91

4.71

4.43

3.81

3.17

2.84

2.64

2.68

2.80

2.84

3.02

3.44

3.68

3.68

3.56

3.27

3.12

3.38

3.96

4.81

5.24

5.36

5.02

4.43

4.03

3.81

3.88

4.18

4.71

4.91

4.62

4.43

4.52

4.52

4.43

4.11

3.75

3.81

3.96

3.88

3.56

3.17

2.93

2.72

2.60

2.56

2.68

2.68

2.84

3.12

3.32

3.44

3.56

3.44

3.22

3.02

2.84

2.60

2.36

2.05

1.88

1.79

1.75

1.73

1.69

1.67

1.69

1.69

1.65

1.69

1.69

1.67

1.64

1.64

1.60

1.57

1.52

1.45

1.41

1.35

1.31

1.29

1.24

1.18

1.13

1.10

1.03

0.99

0.96

0.92

0.89

0.85

0.81

0.77

0.73

0.69

0.65

0.61

0.58

0.54

0.51

0.47

0.43

0.40

0.37

0.33

0.30

0.28

0.26

0.23

0.22

0.20

0.18

0.17

0.16

0.14

0.13

0.12

0.11

0.10

0.09

0.08

0.07

0.07

0.06

0.05

0.05

0.05

0.04

0.04

0.04

0.03

0.03

0.03

0.03

0.03

0.03

0.02

0.02

0.02

0.02

0.02

0.02

0.02

0.02

0.02

0.02

0.02

0.02

0.02

0.02

0.02

0.02

0.02

0.02

0.02

0.02

0.02

0.02

0.02

0.02

0.02

0.02

0.02

0.02

0.02

0.02

0.02

0.02

0.02

0.02

0.02

0.02

0.02

0.02

0.02

0.02

0.02

0.02

0.02

0.02

0.02

0.02

0.02

0.02

0.02

0.02

0.02

0.02

0.02

0.02

0.02

0.02

0.02

0.02

0.02

0.02

0.02

0.02

0.02

0.02

0.02

0.02

0.02

0.02

0.02

0.02

0.02

0.02

0.02

0.02

0.02

0.02

0.02

0.02

0.02

0.02

0.02

0.02

0.02

0.00

0.00

0.02

0.00

0.00

0.00

0.00

0.00

0.00

0.00

0.00

0.00

0.09

0.04

0.04

0.00

