0.00

0.05

0.00

0.00

0.00

0.00

0.00

0.00

0.00

0.00

0.00

0.00

0.00

0.00

0.00

0.00

0.00

0.00

0.00

0.00

0.00

0.01

0.01

0.01

0.01

0.01

0.02

0.02

0.03

0.03

0.04

0.05

0.05

0.06

0.07

0.09

0.10

0.11

0.13

0.14

0.16

0.17

0.19

0.21

0.23

0.25

0.28

0.30

0.32

0.35

0.37

0.40

0.43

0.46

0.49

0.51

0.54

0.58

0.61

0.64

0.67

0.70

0.74

0.77

0.80

0.83

0.87

0.90

0.93

0.96

0.98

1.02

1.05

1.09

1.12

1.15

1.18

1.21

1.24

1.26

1.30

1.34

1.38

1.42

1.45

1.48

1.52

1.55

1.57

1.60

1.64

1.67

1.71

1.73

1.75

1.79

1.83

1.88

1.90

1.90

1.95

2.00

2.07

2.15

2.24

2.27

2.27

2.27

2.27

2.27

2.27

2.30

2.33

2.36

2.42

2.49

2.72

3.22

3.56

3.32

3.07

3.22

3.68

4.62

5.60

5.12

3.68

2.56

2.56

3.22

3.96

4.11

3.56

3.07

2.68

2.49

2.42

2.36

2.39

2.33

2.30

2.33

2.39

2.49

2.68

2.60

2.72

2.72

2.76

2.76

2.80

2.84

2.84

2.88

2.88

2.93

2.93

2.93

2.88

3.12

3.38

3.12

2.93

2.97

2.97

2.97

2.93

2.93

3.02

3.07

3.12

3.22

3.38

3.44

3.68

3.38

3.44

3.27

3.17

3.17

3.12

3.12

3.27

3.22

3.27

3.32

3.32

3.38

3.38

3.44

3.44

3.50

3.50

3.50

3.44

3.44

3.44

3.44

3.62

3.68

3.56

3.75

3.62

3.68

3.68

3.75

3.81

3.96

3.96

3.96

4.03

4.35

3.07

3.12

3.17

3.12

3.17

3.27

3.32

3.38

3.32

3.38

3.38

3.50

3.44

3.62

3.68

3.75

4.11

4.26

4.03

4.11

4.11

4.18

3.81

3.81

3.62

5.36

5.48

5.48

4.91

4.62

4.71

4.35

4.62

4.11

3.62

3.50

3.50

3.44

3.62

3.50

3.44

3.32

3.32

3.32

3.27

3.27

3.27

3.27

3.27

3.32

3.32

3.38

3.44

3.32

3.56

4.11

4.26

4.91

4.62

5.12

5.48

5.73

5.36

5.36

5.60

6.31

5.87

5.73

6.16

5.87

5.48

5.36

5.60

5.60

5.48

4.91

5.36

6.31

6.01

4.81

4.03

4.62

5.24

4.81

4.43

4.35

4.71

4.91

4.91

4.71

4.91

4.35

4.52

4.81

4.11

3.88

4.18

3.50

3.62

3.68

3.38

3.56

2.60

2.56

2.46

2.49

2.39

2.80

2.72

3.07

2.88

3.68

3.38

3.68

3.75

3.75

4.11

3.68

3.96

3.75

3.88

4.11

4.26

4.43

4.62

4.35

4.43

4.43

4.81

4.81

4.35

4.03

3.68

3.56

3.62

3.96

3.68

3.68

3.44

3.44

3.56

3.75

3.96

4.52

4.71

4.91

4.81

5.12

5.24

5.36

5.36

5.12

5.02

5.02

5.12

5.36

5.48

5.36

5.12

4.81

4.35

4.18

5.73

6.16

7.81

8.04

6.81

5.87

5.24

5.12

4.52

6.64

3.96

5.60

3.02

3.22

4.03

5.48

4.11

5.24

6.31

6.16

3.62

3.38

3.88

4.11

4.35

6.31

5.87

4.91

3.96

3.50

4.11

4.71

4.91

3.88

3.62

3.96

4.26

4.03

3.68

4.18

4.18

4.71

5.73

5.60

4.71

4.81

5.24

5.60

5.60

6.01

6.31

6.47

6.47

5.73

5.87

5.87

5.60

5.60

5.48

5.02

5.60

2.46

2.24

2.02

2.10

1.95

1.73

1.64

1.83

1.69

1.53

1.50

1.52

1.50

1.45

1.44

1.42

1.39

1.30

1.38

1.38

1.34

1.35

1.35

1.31

1.38

1.33

1.45

1.55

1.62

1.57

1.64

1.75

1.81

1.90

2.21

2.30

2.27

2.12

2.24

2.49

2.68

3.02

2.97

2.93

2.84

2.68

2.39

2.39

2.33

2.39

2.21

2.27

2.46

2.64

3.12

2.80

2.64

2.53

2.49

2.07

1.90

1.86

1.83

1.95

2.00

1.95

1.81

1.79

1.71

1.73

1.62

1.58

1.57

1.64

1.77

1.77

1.95

1.92

1.69

1.57

1.64

1.86

2.18

2.10

1.81

1.75

1.81

2.00

2.24

2.15

1.88

1.65

1.48

1.34

1.27

1.24

1.21

1.27

1.31

1.24

1.23

1.30

1.41

1.69

2.05

2.36

2.60

2.64

2.68

2.53

1.90

1.45

1.10

1.08

1.30

1.38

1.44

1.52

1.42

1.24

0.98

0.95

1.29

1.39

1.24

1.02

0.94

0.88

0.89

1.09

1.20

1.37

1.48

1.24

0.80

0.53

0.39

0.43

0.48

0.76

1.19

1.60

2.05

2.36

2.36

2.21

2.02

1.86

1.71

1.55

1.42

1.30

1.21

1.12

1.03

0.95

0.89

0.82

0.77

0.72

0.68

0.65

0.64

0.63

0.61

0.59

0.57

0.56

0.54

0.51

0.48

0.47

0.46

0.45

0.44

0.43

0.42

0.41

0.41

0.40

0.40

0.39

0.38

0.37

0.36

0.35

0.33

0.33

0.32

0.31

0.30

0.29

0.28

0.27

0.26

0.24

0.23

0.22

0.20

0.18

0.17

0.15

0.14

0.12

0.11

0.10

0.09

0.08

0.07

0.07

0.06

0.05

0.04

0.04

0.03

0.03

0.02

0.02

0.02

0.02

0.01

0.01

0.01

0.01

0.01

0.00

0.00

0.00

0.00

0.00

0.00

0.00

0.00

0.00

0.00

0.00

0.00

0.00

0.00

0.00

0.00

0.00

0.00

0.00

0.00

0.00

0.00

0.00

0.00

0.00

0.00

0.00

0.00

0.00

0.00

0.00

0.00

0.00

0.00

0.00

0.00

0.00

0.00

0.00

0.00

0.00

0.00

0.00

0.00

0.00

0.00

0.00

0.00

0.00

0.00

0.00

0.00

0.00

0.00

0.00

0.00

0.00

0.00

0.00

0.00

0.00

0.00

0.00

0.00

0.00

0.00

0.00

0.00

0.00

0.00

0.00

0.00

0.00

0.00

0.00

0.00

0.00

0.00

0.01

0.01

0.05

0.05

0.05

0.05

0.05

0.04

0.00

