0.00

0.04

0.04

0.00

0.00

0.00

0.00

0.00

0.00

0.00

0.00

0.00

0.00

0.00

0.00

0.01

0.01

0.01

0.01

0.01

0.02

0.02

0.02

0.03

0.04

0.05

0.06

0.07

0.08

0.09

0.10

0.11

0.13

0.15

0.17

0.20

0.23

0.26

0.28

0.31

0.34

0.36

0.39

0.41

0.43

0.45

0.48

0.52

0.56

0.60

0.64

0.68

0.71

0.74

0.78

0.82

0.86

0.91

0.96

0.99

1.03

1.05

1.07

1.10

1.13

1.18

1.25

1.31

1.38

1.45

1.53

1.60

1.65

1.71

1.77

1.83

1.88

1.92

2.00

2.05

2.12

2.18

2.21

2.24

2.27

2.30

2.36

2.39

2.42

2.49

2.56

2.64

2.72

2.76

2.80

2.84

2.84

2.84

2.88

2.88

2.93

3.17

3.02

3.02

3.12

3.22

3.27

3.27

3.27

3.22

3.17

3.12

3.12

3.12

3.07

3.07

3.02

3.12

3.27

3.38

3.56

3.75

3.75

3.75

3.68

3.75

3.81

3.96

4.11

4.35

4.62

4.52

4.18

3.96

3.68

3.56

3.50

3.56

3.56

3.62

3.56

3.75

3.81

3.81

3.81

3.75

3.75

3.75

3.81

3.81

3.88

4.03

4.18

4.52

5.02

5.73

8.04

8.80

7.59

10.02

25.20

28.90

39.96

31.13

9.69

8.53

9.38

13.54

22.24

11.14

9.69

9.08

8.28

8.28

8.04

8.04

8.28

8.28

8.04

7.81

7.59

7.59

7.81

8.04

8.04

8.04

7.59

7.00

6.81

6.81

6.64

8.04

8.28

8.80

8.53

7.81

8.28

8.80

8.04

7.81

7.19

8.28

6.31

5.73

5.60

5.36

5.73

5.73

5.48

4.81

4.81

5.02

4.81

4.43

4.71

5.48

6.01

6.16

6.16

5.87

5.87

5.87

5.87

4.71

4.91

4.26

4.11

5.24

6.01

5.36

5.73

5.24

5.60

6.47

6.47

6.16

5.87

5.87

6.47

6.64

6.64

7.00

6.47

5.24

4.26

5.12

5.60

6.47

6.47

5.73

5.87

5.73

4.91

5.36

6.01

5.73

7.00

7.00

7.81

8.28

8.80

8.28

7.38

7.81

7.81

8.28

8.53

8.53

7.38

5.48

5.02

4.26

7.00

8.28

7.81

8.28

7.38

6.16

7.38

6.81

7.19

6.31

7.00

6.47

6.31

5.48

6.81

8.80

10.02

8.04

8.28

10.74

8.80

12.48

11.14

12.48

10.74

10.74

12.48

12.99

12.48

12.48

10.02

9.38

9.69

9.69

9.69

7.19

10.74

12.48

8.80

12.99

10.74

9.38

10.02

8.53

10.02

9.08

12.48

14.76

16.18

14.12

14.76

14.76

19.84

16.98

16.18

8.53

7.38

10.74

8.28

10.02

10.37

10.02

9.38

12.48

8.53

12.48

8.28

9.38

8.28

9.08

14.76

10.02

12.99

11.56

14.76

15.44

14.76

12.48

9.69

11.14

14.76

11.14

10.02

11.14

9.38

10.02

7.81

8.04

6.01

5.48

9.08

10.74

12.99

8.53

7.19

10.74

9.69

11.14

9.69

10.02

7.38

10.74

11.56

10.02

10.74

14.12

18.80

25.20

18.80

15.44

26.94

19.84

22.24

14.76

16.18

14.12

11.14

10.02

10.74

11.56

12.00

10.74

10.37

8.04

8.53

13.54

10.74

10.02

7.59

10.37

9.69

11.14

8.28

8.28

8.28

6.47

7.81

6.01

13.54

6.47

6.81

6.01

7.59

7.00

6.47

5.60

6.64

4.81

5.48

6.01

6.47

6.01

6.16

6.64

6.64

6.31

7.59

6.81

6.47

6.47

6.81

6.31

4.71

5.36

5.36

5.48

5.36

4.91

4.26

4.18

7.00

4.71

4.62

5.24

4.03

4.35

3.81

3.96

3.50

3.62

3.38

3.02

3.22

3.22

2.84

3.38

3.27

3.75

3.12

3.75

3.38

3.22

2.76

2.88

2.88

2.76

2.80

3.07

3.27

3.22

2.84

3.27

3.32

2.97

2.84

3.56

2.64

3.02

2.80

3.62

3.22

3.68

3.50

3.22

3.62

3.12

3.27

4.18

3.07

3.62

3.75

3.32

3.62

3.68

3.12

3.96

4.35

3.68

4.11

3.81

3.38

3.62

3.22

2.93

2.80

2.84

3.02

3.02

2.97

2.93

2.36

3.02

2.64

2.21

2.15

2.30

1.92

1.77

1.62

1.60

1.50

1.69

1.58

1.47

1.58

1.67

1.79

1.77

1.79

2.10

2.30

1.75

2.00

2.05

1.86

1.79

1.81

2.39

2.00

1.86

1.77

1.58

1.97

1.77

2.27

2.36

2.36

2.46

2.39

2.42

2.36

2.18

2.00

1.55

1.75

1.90

2.05

1.71

1.65

1.62

1.81

1.77

1.44

1.79

1.57

1.75

1.92

1.67

1.20

1.37

1.08

1.27

1.24

0.97

1.20

1.05

0.91

0.85

0.93

0.87

0.69

0.77

0.82

0.70

0.71

0.91

0.67

0.61

0.68

0.56

0.49

0.55

0.47

0.50

0.36

0.40

0.34

0.34

0.29

0.26

0.29

0.30

0.28

0.24

0.25

0.24

0.24

0.20

0.17

0.17

0.19

0.19

0.18

0.20

0.21

0.19

0.16

0.15

0.11

0.08

0.07

0.07

0.06

0.08

0.07

0.07

0.09

0.07

0.09

0.07

0.07

0.08

0.07

0.07

0.07

0.07

0.05

0.05

0.05

0.04

0.04

0.03

0.03

0.02

0.03

0.02

0.02

0.02

0.01

0.01

0.01

0.01

0.01

0.01

0.01

0.00

0.00

0.00

0.00

0.00

0.00

0.00

0.00

0.00

0.00

0.00

0.00

0.00

0.00

0.00

0.00

0.00

0.00

0.00

0.00

0.00

0.00

0.00

0.00

0.00

0.00

0.00

0.00

0.00

0.00

0.00

0.00

0.00

0.00

0.00

0.00

0.00

0.00

0.00

0.00

0.00

0.00

0.00

0.00

0.00

0.00

0.00

0.00

0.00

0.00

0.00

0.00

0.00

0.00

0.00

0.00

0.00

0.00

0.00

0.00

0.00

0.00

0.00

0.01

0.01

0.01

0.01

0.03

0.03

0.03

0.03

0.03

0.03

0.03

0.03

0.04

0.01

0.01

0.00

