0.00

0.00

0.01

0.00

0.00

0.01

0.00

0.00

0.00

0.00

0.00

0.00

0.00

0.00

0.00

0.00

0.00

0.00

0.00

0.00

0.00

0.00

0.00

0.00

0.00

0.00

0.00

0.00

0.00

0.00

0.00

0.00

0.00

0.00

0.00

0.00

0.00

0.00

0.00

0.00

0.00

0.00

0.00

0.00

0.00

0.00

0.00

0.01

0.01

0.01

0.01

0.01

0.01

0.02

0.02

0.02

0.02

0.02

0.03

0.03

0.03

0.03

0.04

0.05

0.05

0.05

0.05

0.06

0.06

0.06

0.06

0.07

0.07

0.08

0.10

0.12

0.15

0.17

0.18

0.17

0.17

0.18

0.20

0.20

0.20

0.21

0.24

0.25

0.25

0.23

0.22

0.23

0.25

0.27

0.31

0.35

0.39

0.42

0.44

0.45

0.46

0.46

0.42

0.44

0.49

0.53

0.54

0.51

0.53

0.56

0.58

0.60

0.68

0.67

0.73

0.80

0.80

0.75

0.82

0.81

0.80

0.77

0.74

0.81

0.84

0.82

0.82

0.75

0.82

0.84

0.82

0.81

0.90

0.89

0.83

0.94

1.08

1.12

1.16

1.18

1.03

1.03

1.12

1.15

1.15

1.20

1.29

1.37

1.34

1.44

1.45

1.35

1.41

1.44

1.34

1.26

1.27

1.33

1.44

1.39

1.48

1.50

1.57

1.57

1.52

1.47

1.45

1.52

1.53

1.55

1.55

1.60

1.67

1.73

1.69

1.79

1.65

1.64

1.71

1.79

1.79

1.75

1.55

1.45

1.33

1.23

1.25

1.34

1.27

1.33

1.39

1.29

1.38

1.35

1.33

1.33

1.42

1.62

1.77

1.88

1.97

1.97

1.95

1.90

1.83

1.95

1.77

1.79

1.97

2.15

2.27

2.39

2.39

2.18

2.12

2.07

2.07

1.95

1.90

2.00

2.02

2.07

2.15

2.10

2.02

2.00

2.07

2.10

2.15

2.21

2.36

2.46

2.53

2.49

2.36

2.46

2.39

2.39

2.36

2.36

2.27

2.39

2.39

2.36

2.46

2.36

2.30

2.18

1.97

1.95

1.90

1.90

1.81

1.77

1.65

1.62

1.65

1.41

1.52

1.48

1.44

1.45

1.33

1.53

1.48

1.44

1.53

1.53

1.69

1.60

1.50

1.57

1.45

1.60

1.58

1.58

1.71

1.79

1.86

1.81

1.69

1.69

1.67

1.64

1.62

1.58

1.45

1.47

1.42

1.47

1.44

1.45

1.53

1.41

1.69

1.83

1.65

1.71

1.83

1.73

1.88

1.92

2.12

1.97

1.97

2.07

1.81

1.73

1.75

1.81

1.71

1.65

1.73

1.62

1.79

1.71

1.81

1.79

1.81

1.75

1.81

1.69

1.92

1.90

1.90

2.02

2.07

2.18

2.33

2.36

2.18

2.12

2.27

2.05

2.05

1.95

1.95

1.77

1.73

1.71

1.71

1.55

1.52

1.45

1.38

1.37

1.45

1.45

1.41

1.33

1.17

1.17

1.24

1.23

1.21

1.35

1.35

1.47

1.57

1.44

1.45

1.71

1.69

1.47

1.52

1.65

1.83

2.07

1.92

1.73

1.64

1.83

1.92

2.05

2.15

2.02

1.71

1.62

1.55

1.88

1.77

1.75

1.77

1.52

1.27

1.17

1.29

1.26

1.38

1.35

1.39

1.48

1.53

1.57

1.55

1.44

1.45

1.44

1.41

1.39

1.44

1.33

1.37

1.38

1.38

1.55

1.47

1.45

1.52

1.44

1.44

1.38

1.37

1.42

1.53

1.60

1.55

1.60

1.53

1.45

1.38

1.55

1.58

1.47

1.48

1.57

1.50

1.47

1.48

1.47

1.50

1.62

1.62

1.57

1.60

1.65

1.64

1.58

1.55

1.52

1.64

1.88

2.05

2.00

2.00

2.02

1.83

1.73

1.53

1.58

1.69

1.83

1.67

1.97

1.83

1.50

1.27

1.13

1.09

1.14

1.15

1.15

1.25

1.29

1.18

1.34

1.34

1.45

1.60

1.60

1.44

1.47

1.53

1.57

1.38

1.44

1.37

1.27

1.44

1.47

1.53

1.45

1.42

1.41

1.30

1.23

1.26

1.38

1.26

1.37

1.38

1.39

1.52

1.50

1.42

1.33

1.20

1.06

1.01

1.10

1.08

0.98

0.98

1.00

1.14

1.18

1.18

1.25

1.37

1.50

1.57

1.58

1.62

1.60

1.57

1.60

1.62

1.58

1.55

1.55

1.45

1.35

1.21

1.13

0.98

0.99

1.02

1.04

0.98

0.90

0.87

0.82

0.78

0.74

0.69

0.64

0.61

0.58

0.60

0.65

0.71

0.69

0.71

0.68

0.61

0.62

0.64

0.63

0.64

0.60

0.54

0.50

0.45

0.44

0.46

0.48

0.45

0.45

0.48

0.52

0.47

0.43

0.37

0.33

0.30

0.28

0.29

0.30

0.30

0.33

0.34

0.32

0.29

0.25

0.21

0.19

0.18

0.16

0.15

0.14

0.13

0.11

0.11

0.11

0.11

0.10

0.09

0.08

0.08

0.07

0.07

0.05

0.05

0.05

0.05

0.05

0.05

0.04

0.04

0.03

0.03

0.03

0.02

0.02

0.02

0.02

0.01

0.01

0.01

0.01

0.01

0.01

0.01

0.01

0.00

0.00

0.00

0.00

0.00

0.00

0.00

0.00

0.00

0.00

0.00

0.00

0.00

0.00

0.00

0.00

0.00

0.00

0.00

0.00

0.00

0.00

0.00

0.00

0.00

0.78

0.00

0.00

0.00

1.31

1.86

1.62

0.91

0.49

0.86

1.02

1.38

0.75

2.00

2.27

1.75

1.92

0.71

1.35

1.90

2.18

2.10

1.57

1.79

1.39

1.53

1.55

1.60

1.71

1.83

1.71

1.57

1.62

1.37

1.50

1.34

1.38

1.60

0.00

