0.00

0.01

0.00

0.00

0.00

0.00

0.00

0.00

0.00

0.00

0.00

0.00

0.11

0.11

0.14

0.15

0.17

0.18

0.20

0.22

0.22

0.24

0.26

0.28

0.31

0.33

0.36

0.39

0.42

0.45

0.48

0.51

0.55

0.58

0.62

0.66

0.70

0.75

0.80

0.84

0.89

0.94

0.99

1.05

1.11

1.18

1.24

1.30

1.35

1.42

1.47

1.53

1.58

1.64

1.69

1.75

1.81

1.88

1.95

2.02

2.07

2.15

2.21

2.27

2.33

2.42

2.49

2.53

2.56

2.64

2.68

2.68

2.76

2.84

2.93

2.97

3.07

3.17

3.27

3.32

3.38

3.44

3.50

3.56

3.62

3.75

3.81

3.81

3.81

3.96

4.03

4.03

4.11

4.18

4.18

4.26

4.43

4.52

4.52

4.43

4.52

5.12

4.81

4.81

4.81

4.91

4.91

4.81

4.81

5.02

5.36

5.87

6.16

6.31

6.31

6.47

6.81

7.19

7.19

6.81

6.64

6.64

6.64

6.81

7.19

8.04

8.80

9.08

9.38

8.80

7.81

7.38

7.38

7.59

7.81

7.59

7.19

6.81

6.31

6.01

5.87

6.01

6.16

6.31

6.47

7.00

7.38

7.59

7.81

8.04

7.81

7.81

7.59

7.59

7.59

7.59

7.81

8.04

7.81

7.38

7.19

7.38

7.81

8.04

8.04

8.28

8.53

8.80

9.08

9.38

9.08

8.80

8.28

8.28

7.81

7.38

7.59

8.04

8.80

9.38

9.69

9.38

8.53

8.04

8.53

9.08

9.08

9.08

8.80

8.53

8.28

8.04

7.38

7.00

6.64

6.47

6.47

6.47

6.16

6.16

6.81

8.53

9.38

15.44

22.24

10.74

8.80

9.38

10.02

10.37

10.37

9.38

9.38

16.18

12.00

10.37

14.12

14.12

10.37

10.02

9.38

9.38

9.38

9.38

9.38

9.08

9.08

9.38

9.38

9.69

12.00

15.44

14.76

9.38

9.69

12.00

15.44

13.54

15.44

17.85

16.18

12.48

12.48

12.00

12.48

16.18

12.48

12.00

12.48

13.54

15.44

17.85

15.44

15.44

15.44

15.44

15.44

15.44

16.18

15.44

15.44

16.18

14.76

14.12

15.44

14.76

13.54

15.44

15.44

14.76

12.00

11.14

11.56

11.14

10.74

10.74

10.37

10.37

10.74

11.14

11.14

11.56

12.00

11.56

11.14

10.74

9.08

8.80

12.99

10.02

9.38

15.44

12.00

9.69

8.80

8.28

8.28

9.38

9.69

9.08

9.38

10.02

8.53

8.28

8.04

8.04

8.04

8.28

9.08

9.38

9.38

9.38

10.02

16.98

10.74

10.02

13.54

11.56

16.18

13.54

16.98

14.76

17.85

17.85

16.98

16.18

18.80

17.85

22.24

28.90

23.64

26.94

17.85

25.20

25.20

12.99

12.99

13.54

12.00

12.48

12.99

13.54

13.54

13.54

14.12

13.54

13.54

16.18

19.84

19.84

28.90

22.24

14.76

14.76

14.76

28.90

25.20

12.99

12.00

12.00

12.48

12.48

12.48

11.56

11.14

10.74

11.14

12.00

12.48

18.80

15.44

12.48

12.00

11.14

10.74

10.74

10.74

11.14

12.00

14.12

16.18

16.18

16.98

19.84

22.24

22.24

22.24

22.24

22.24

25.20

25.20

23.64

25.20

23.64

25.20

23.64

22.24

20.98

16.98

16.98

17.85

22.24

20.98

22.24

22.24

25.20

26.94

20.98

17.85

15.44

14.12

12.48

11.14

11.14

11.56

11.14

11.14

11.14

11.14

11.56

11.56

12.00

12.48

12.48

12.99

13.54

14.12

15.44

14.12

14.76

16.18

13.54

14.76

12.99

13.54

14.12

16.18

12.99

12.48

13.54

13.54

13.54

13.54

12.48

12.00

11.56

11.56

11.14

11.56

12.00

12.48

13.54

13.54

12.99

12.00

11.56

11.14

11.14

11.14

11.14

11.14

11.14

12.00

12.48

12.48

12.48

11.56

11.56

11.56

11.56

12.48

13.54

14.12

12.99

12.00

11.14

11.14

10.74

10.37

10.02

10.02

9.69

9.69

9.38

9.69

9.38

9.69

9.38

9.38

9.69

10.02

10.37

10.74

10.74

11.14

10.74

10.74

10.74

11.14

11.14

10.74

12.00

10.37

10.02

9.69

9.38

8.53

8.53

8.28

8.28

9.08

9.38

9.69

9.69

9.38

9.38

9.38

9.08

8.80

8.28

8.04

7.59

7.38

8.04

7.81

7.59

7.38

7.38

7.38

7.38

7.19

7.00

6.81

6.81

6.81

7.00

7.00

7.00

7.00

7.19

7.19

7.19

7.00

7.00

7.19

7.19

7.19

7.19

7.19

7.19

7.19

7.00

6.64

6.47

6.31

6.31

6.16

5.87

5.87

5.73

5.73

5.73

5.73

5.87

5.87

5.87

5.87

5.73

5.73

5.73

5.73

5.73

5.73

5.73

5.73

5.60

5.60

5.60

5.48

5.48

5.36

5.36

5.36

5.24

5.24

5.36

5.36

5.36

5.24

4.91

4.71

4.52

4.26

4.03

3.81

3.62

3.50

3.44

3.38

3.38

3.32

3.50

3.27

3.27

3.22

3.22

3.17

3.17

3.12

3.07

3.02

2.97

2.93

2.88

2.84

2.76

2.68

2.60

2.49

2.42

2.33

2.30

2.21

2.15

2.07

2.02

1.95

1.88

1.81

1.75

1.67

1.60

1.52

1.45

1.39

1.34

1.26

1.21

1.17

1.13

1.08

1.02

0.97

0.91

0.86

0.81

0.77

0.72

0.67

0.63

0.59

0.55

0.51

0.47

0.44

0.40

0.37

0.33

0.30

0.27

0.24

0.21

0.19

0.16

0.14

0.12

0.10

0.09

0.08

0.07

0.06

0.05

0.04

0.03

0.03

0.02

0.02

0.02

0.01

0.01

0.01

0.01

0.01

0.00

0.00

0.00

0.00

0.00

0.00

0.00

0.00

0.00

0.00

0.00

0.00

0.00

0.00

0.00

0.00

0.00

0.00

0.00

0.00

0.00

0.00

0.00

0.00

0.00

0.00

0.00

0.00

0.00

0.00

0.00

0.00

0.00

0.00

0.00

0.00

0.00

0.00

0.00

0.00

0.00

0.00

0.00

0.00

0.00

0.00

0.00

0.00

0.00

0.00

0.00

0.00

0.00

0.00

0.00

0.00

0.00

0.00

0.00

0.00

0.00

0.00

0.00

0.03

0.03

0.00

0.05

0.01

0.00

0.00

0.00

0.00

0.00

0.00

0.00

0.00

0.00

0.00

0.00

0.00

0.00

0.00

0.00

0.00

0.00

0.01

0.01

0.01

0.01

0.01

0.01

0.01

0.01

0.01

0.00

0.01

0.00

0.01

0.01

0.01

0.01

0.01

0.01

0.01

0.00

0.00

0.00

0.00

0.00

0.00

0.00

0.00

0.00

0.00

0.00

0.00

0.00

0.00

0.00

0.00

0.00

0.00

0.00

0.00

0.00

0.00

0.00

0.00

0.00

0.00

0.00

0.00

0.00

0.00

0.00

0.01

0.00

0.00

0.00

0.01

0.01

0.00

0.00

0.00

0.00

0.00

0.00

0.00

0.00

0.00

0.00

0.00

0.00

0.00

0.00

0.00

0.00

