0.00

0.01

0.03

0.02

0.00

0.00

0.00

0.00

0.00

0.01

0.03

0.00

0.01

0.01

0.02

0.02

0.02

0.03

0.03

0.04

0.05

0.06

0.07

0.08

0.09

0.10

0.12

0.13

0.15

0.17

0.19

0.21

0.23

0.26

0.28

0.30

0.33

0.36

0.39

0.42

0.45

0.48

0.51

0.55

0.58

0.62

0.66

0.69

0.73

0.77

0.81

0.84

0.89

0.92

0.96

1.00

1.04

1.08

1.12

1.16

1.19

1.23

1.26

1.30

1.34

1.38

1.42

1.45

1.48

1.53

1.55

1.58

1.62

1.65

1.69

1.73

1.77

1.79

1.83

1.88

1.90

1.95

1.97

2.02

2.05

2.07

2.10

2.12

2.15

2.18

2.21

2.24

2.27

2.30

2.33

2.33

2.36

2.39

2.42

2.42

2.46

2.53

2.53

2.56

2.56

2.60

2.64

2.64

2.68

2.72

2.72

2.76

2.76

2.80

2.80

2.84

2.84

2.88

2.88

2.93

2.93

2.93

2.97

3.02

3.02

3.02

3.07

3.07

3.12

3.12

3.12

3.17

3.17

3.22

3.22

3.22

3.27

3.27

3.27

3.32

3.32

3.32

3.38

3.38

3.38

3.38

3.38

3.44

3.44

3.44

3.44

3.44

3.50

3.50

3.50

3.56

3.56

3.56

3.62

3.62

3.68

3.68

3.75

3.75

3.81

3.81

3.81

3.81

3.81

3.81

3.88

3.88

3.88

3.88

3.96

3.96

3.96

3.96

3.96

4.43

9.38

14.12

17.85

16.98

16.18

16.98

16.18

16.18

16.98

16.18

15.44

15.44

16.18

16.98

16.18

15.44

15.44

15.44

14.76

15.44

15.44

15.44

14.76

14.76

15.44

15.44

15.44

15.44

15.44

15.44

15.44

15.44

15.44

14.76

14.76

14.76

14.76

14.76

14.12

14.12

14.12

14.76

14.76

14.76

14.76

14.76

14.76

14.76

14.76

14.12

14.12

14.76

14.76

14.76

14.76

14.76

14.76

14.76

14.76

14.76

14.76

14.76

14.76

14.76

14.76

14.76

14.76

14.76

14.76

14.76

14.12

14.12

14.76

14.76

14.76

14.76

14.76

14.76

14.76

14.76

14.76

14.76

14.76

14.76

15.44

14.76

14.76

14.76

14.76

14.76

14.76

14.76

14.76

14.76

14.76

14.76

14.76

14.76

14.76

14.76

15.44

15.44

14.76

14.76

12.48

5.87

3.96

3.96

3.96

3.96

3.96

3.96

3.96

4.03

4.03

4.03

4.03

4.03

7.38

13.54

16.18

16.18

16.18

15.44

16.18

15.44

15.44

16.18

16.18

16.18

16.18

16.18

16.18

16.98

16.18

16.18

16.18

16.18

16.18

16.18

16.18

16.18

16.18

15.44

15.44

15.44

15.44

15.44

15.44

15.44

15.44

15.44

15.44

15.44

15.44

14.76

14.76

12.99

14.76

11.56

14.76

10.74

10.37

12.00

12.99

14.12

13.54

10.37

12.99

10.74

12.48

10.74

12.48

12.99

12.99

12.00

13.54

14.76

14.12

12.99

9.08

8.53

12.99

12.48

11.56

10.74

6.31

6.81

8.80

9.69

5.24

5.36

5.12

4.71

10.74

10.37

9.08

11.56

7.81

6.81

6.81

11.56

13.54

5.87

7.59

7.19

6.81

6.16

12.99

13.54

12.00

7.59

12.48

7.59

4.91

4.71

3.96

8.28

4.52

8.04

5.24

4.43

5.02

4.81

4.43

4.03

4.18

4.71

8.80

6.47

5.24

8.04

6.47

8.28

4.11

4.18

4.91

8.28

10.37

11.14

9.08

3.88

3.75

3.75

3.68

3.68

3.75

3.81

6.16

6.64

6.31

7.19

5.73

5.12

5.48

4.35

3.75

3.68

3.68

3.68

3.75

3.96

8.04

10.02

10.02

12.48

12.99

8.04

5.87

6.31

7.19

7.38

7.59

6.31

4.03

3.96

4.71

5.60

4.91

4.43

4.43

5.87

5.87

5.48

4.52

5.36

7.00

6.64

8.80

9.69

10.74

14.76

12.48

12.00

16.18

16.18

16.98

16.18

16.18

16.18

15.44

9.69

3.68

3.62

3.62

3.62

3.62

3.62

3.56

3.56

3.62

3.62

3.62

3.62

3.62

3.56

3.62

3.88

3.56

3.56

3.56

3.56

3.50

3.50

3.56

3.50

3.50

3.50

3.50

3.50

3.50

3.50

3.50

3.50

3.50

3.50

3.50

3.50

3.44

3.44

3.44

3.44

3.38

3.38

3.44

3.38

3.38

3.38

3.38

3.38

3.38

3.38

3.38

3.38

3.38

3.38

3.38

3.38

3.38

3.38

3.38

3.32

3.32

3.27

3.22

3.22

3.22

3.17

3.17

3.17

3.12

3.12

3.12

3.12

3.12

3.12

3.12

3.07

3.07

3.07

3.07

3.07

3.07

3.02

3.02

3.02

3.02

2.97

2.97

2.97

2.97

2.93

2.93

2.88

2.84

2.80

2.76

2.76

2.72

2.72

2.68

2.68

2.64

2.64

2.64

2.60

2.60

2.60

2.60

2.56

2.56

2.53

2.53

2.53

2.53

2.49

2.49

2.46

2.46

2.42

2.42

2.39

2.36

2.36

2.33

2.33

2.30

2.30

2.27

2.27

2.24

2.21

2.21

2.18

2.15

2.12

2.12

2.10

2.07

2.05

2.02

2.02

2.00

1.97

1.95

1.92

1.88

1.86

1.83

1.81

1.77

1.75

1.73

1.69

1.67

1.64

1.62

1.58

1.55

1.53

1.50

1.47

1.44

1.41

1.37

1.34

1.31

1.27

1.24

1.20

1.17

1.14

1.11

1.07

1.04

1.00

0.97

0.93

0.90

0.86

0.82

0.79

0.75

0.71

0.67

0.64

0.61

0.57

0.54

0.50

0.47

0.44

0.41

0.38

0.35

0.32

0.29

0.27

0.25

0.22

0.20

0.18

0.16

0.15

0.13

0.11

0.10

0.09

0.08

0.07

0.06

0.05

0.04

0.04

0.03

0.02

0.02

0.02

0.01

0.01

0.01

0.01

0.01

0.00

0.00

0.00

0.00

0.00

0.00

0.00

0.00

0.00

0.00

0.00

0.00

0.00

0.00

0.00

0.00

0.00

0.00

0.00

0.00

0.00

0.00

0.00

0.00

0.00

0.00

0.00

0.00

0.00

0.00

0.00

0.00

0.00

0.00

0.00

0.00

0.00

0.00

0.00

0.00

0.00

0.00

0.00

0.00

0.00

0.00

0.00

0.00

0.00

0.00

0.00

0.00

0.00

0.00

0.00

0.00

0.00

0.00

0.00

0.00

0.00

0.00

0.00

0.00

0.00

0.00

0.00

0.00

0.01

0.00

