0.00

0.01

0.00

0.00

0.00

0.00

0.00

0.00

0.00

0.00

0.00

0.00

0.00

0.00

0.00

0.00

0.00

0.00

0.00

0.00

0.00

0.00

0.00

0.00

0.00

0.00

0.00

0.00

0.00

0.00

0.00

0.00

0.00

0.00

0.00

0.00

0.00

0.00

0.00

0.00

0.00

0.00

0.00

0.00

0.00

0.01

0.01

0.01

0.01

0.01

0.01

0.01

0.02

0.02

0.02

0.03

0.03

0.04

0.05

0.06

0.06

0.07

0.08

0.09

0.09

0.10

0.11

0.13

0.14

0.14

0.15

0.17

0.18

0.19

0.20

0.22

0.23

0.24

0.26

0.29

0.32

0.35

0.38

0.42

0.45

0.48

0.52

0.58

0.61

0.63

0.65

0.68

0.71

0.73

0.77

0.84

0.93

0.98

1.04

1.13

1.24

1.33

1.31

1.30

1.25

1.19

1.19

1.24

1.29

1.31

1.34

1.39

1.47

1.53

1.58

1.64

1.65

1.67

1.71

1.73

1.73

1.69

1.69

1.71

1.79

1.88

1.92

1.92

1.90

1.95

2.07

2.21

2.33

2.46

2.56

2.68

2.76

2.80

2.80

2.84

2.93

3.07

3.27

3.44

3.56

3.62

3.68

3.75

3.81

4.03

4.18

3.96

3.68

3.50

3.44

3.44

3.62

3.81

3.96

3.96

4.11

4.43

4.81

5.12

5.24

5.24

5.36

5.60

5.87

5.87

6.01

5.73

5.48

5.24

5.24

5.36

5.48

5.60

5.73

6.31

6.81

7.19

7.19

7.38

7.81

8.28

8.53

8.28

7.81

7.59

7.38

6.64

6.01

5.73

5.60

5.48

5.36

5.36

5.73

6.01

6.01

6.01

5.12

4.71

4.62

4.81

5.02

5.48

6.31

8.28

11.56

12.99

11.56

9.38

8.04

7.59

7.00

7.81

9.69

10.02

9.08

8.28

7.38

7.00

6.47

6.16

6.16

6.01

5.87

5.87

5.87

6.31

7.38

8.28

9.08

9.38

9.69

9.38

8.53

7.59

6.81

6.81

7.00

7.38

7.59

7.81

7.38

6.81

6.47

6.64

6.47

6.31

7.00

7.59

8.53

7.00

8.04

8.53

9.08

10.02

11.14

11.56

13.54

11.56

15.44

16.18

12.48

9.08

8.04

8.80

7.38

10.74

8.28

7.81

6.64

5.60

5.87

5.87

6.47

6.16

6.16

6.31

6.47

6.47

6.47

7.19

6.81

6.64

6.47

6.16

7.59

7.81

6.64

6.31

6.47

6.16

5.60

5.73

5.73

5.87

5.73

6.01

5.60

5.73

5.73

5.87

6.16

6.64

6.64

7.00

6.31

6.01

6.81

7.19

6.31

6.16

6.31

6.16

6.01

6.64

7.00

7.00

6.64

6.47

6.64

6.31

6.31

6.64

6.64

5.73

7.59

8.80

10.74

10.74

8.28

7.59

10.37

10.02

8.53

9.69

8.04

7.00

7.59

8.28

9.08

9.38

8.80

8.04

6.81

8.04

8.53

10.37

9.69

10.02

10.37

12.48

16.18

19.84

15.44

13.54

10.02

9.69

13.54

15.44

12.99

13.54

11.56

12.48

12.00

14.76

31.13

26.94

16.98

39.96

12.99

11.14

12.48

14.12

43.93

31.13

12.48

39.96

33.66

19.84

12.48

25.20

23.64

12.48

11.56

19.84

10.74

13.54

28.90

19.84

13.54

10.37

10.02

12.48

13.54

14.12

13.54

17.85

14.76

14.76

15.44

12.99

12.00

8.80

7.59

6.47

6.31

6.64

6.31

6.16

7.38

6.81

6.47

6.31

6.64

8.04

9.08

11.56

14.12

16.98

19.84

20.98

14.76

10.37

10.74

11.56

9.69

7.81

6.47

6.16

6.81

7.19

6.81

6.31

5.60

5.36

5.73

5.36

5.12

5.24

5.36

5.02

5.12

5.87

6.01

5.87

5.60

6.81

9.38

12.48

18.80

23.64

20.98

18.80

16.18

15.44

16.18

16.98

15.44

14.12

12.00

10.37

8.53

7.38

7.00

7.00

6.64

7.19

8.28

10.02

12.00

14.12

16.18

16.98

17.85

16.98

14.12

12.00

9.69

9.08

8.04

8.04

8.80

10.37

11.56

12.00

11.14

10.02

8.53

7.38

6.31

5.60

5.48

5.48

5.60

5.87

6.31

7.59

8.53

10.02

10.74

10.37

8.80

8.04

6.81

5.73

5.12

4.91

4.91

5.12

5.60

6.01

6.64

7.19

7.38

7.59

7.81

7.81

8.04

8.53

9.38

10.02

10.37

10.37

10.37

10.02

9.38

8.80

8.04

7.19

6.64

6.16

5.60

5.02

4.43

3.81

3.50

3.27

3.17

3.12

3.07

2.97

2.88

2.84

2.76

2.68

2.60

2.56

2.53

2.53

2.53

2.53

2.49

2.42

2.36

2.24

2.10

2.02

1.97

1.92

1.88

1.83

1.77

1.69

1.58

1.48

1.41

1.33

1.26

1.21

1.18

1.15

1.14

1.11

1.06

1.00

0.93

0.87

0.79

0.73

0.67

0.63

0.61

0.60

0.60

0.61

0.63

0.64

0.63

0.62

0.60

0.58

0.56

0.54

0.51

0.48

0.46

0.44

0.41

0.37

0.34

0.32

0.30

0.28

0.26

0.24

0.22

0.20

0.19

0.17

0.16

0.14

0.13

0.11

0.10

0.08

0.07

0.06

0.06

0.05

0.04

0.03

0.03

0.02

0.02

0.01

0.01

0.01

0.00

0.00

0.00

0.00

0.00

0.00

0.00

0.00

0.00

0.00

0.00

0.00

0.00

0.00

0.00

0.00

0.00

0.00

0.00

0.00

0.00

0.00

0.00

0.00

0.00

0.00

0.00

0.00

0.00

0.00

0.00

0.00

0.00

0.00

0.00

0.00

0.00

0.00

0.00

0.00

0.00

0.00

0.00

0.00

0.00

0.00

0.00

0.00

0.00

0.00

0.00

0.00

0.00

0.00

0.00

0.00

0.00

0.00

0.00

0.00

0.00

0.00

0.00

0.00

0.00

0.00

0.00

0.00

0.00

0.00

0.00

0.00

0.00

0.00

0.00

0.00

0.00

0.00

0.00

0.00

0.00

0.00

0.00

0.00

0.00

0.00

0.00

0.00

0.00

0.00

0.00

0.00

0.00

0.00

0.00

0.00

0.00

0.00

0.00

0.00

0.00

0.00

0.00

0.00

0.00

0.00

0.00

0.00

0.00

0.00

0.00

0.00

0.00

0.00

0.00

0.00

0.00

0.00

0.00

0.00

0.00

0.00

0.00

0.00

0.00

0.00

0.00

0.00

0.00

0.00

0.00

0.00

0.00

0.00

0.00

0.00

0.00

0.00

0.00

0.00

0.00

0.00

0.00

0.00

0.00

0.00

0.00

0.00

0.00

0.00

0.00

0.00

0.00

0.00

0.00

0.01

0.06

