0.00

0.06

0.00

0.00

0.00

0.00

0.00

0.00

0.00

0.00

0.00

0.00

0.00

0.00

0.00

0.00

0.00

0.00

0.00

0.00

0.00

0.00

0.00

0.00

0.00

0.00

0.00

0.00

0.00

0.00

0.00

0.00

0.00

0.00

0.00

0.00

0.00

0.00

0.00

0.00

0.00

0.00

0.00

0.00

0.00

0.00

0.01

0.01

0.01

0.01

0.02

0.02

0.02

0.03

0.03

0.03

0.04

0.04

0.04

0.05

0.08

0.09

0.11

0.13

0.14

0.16

0.17

0.18

0.19

0.20

0.21

0.23

0.25

0.27

0.29

0.31

0.32

0.36

0.38

0.42

0.47

0.53

0.58

0.63

0.64

0.62

0.60

0.66

0.65

0.61

0.60

0.64

0.66

0.63

0.68

0.71

0.65

0.68

0.75

0.77

0.77

0.81

0.87

0.91

1.03

1.12

1.14

1.20

1.25

1.33

1.37

1.39

1.45

1.42

1.30

1.24

1.26

1.37

1.41

1.48

1.48

1.44

1.47

1.67

1.86

1.83

1.77

1.79

1.71

1.73

1.67

1.64

1.71

1.65

1.58

1.67

1.69

1.58

1.47

1.29

1.25

1.20

1.20

1.17

1.04

0.98

0.91

0.90

0.91

1.01

1.23

1.44

1.73

1.81

1.67

1.65

1.55

1.57

1.62

1.67

1.75

1.97

2.07

2.07

2.05

2.15

2.36

2.53

2.76

3.02

3.17

3.17

3.32

3.44

3.50

3.44

3.44

3.50

3.56

3.56

3.22

3.44

3.62

3.50

3.27

3.22

3.32

3.32

3.27

3.38

3.38

3.38

3.22

3.27

3.44

3.56

3.27

3.12

2.93

3.07

3.17

3.32

3.32

3.12

3.38

3.62

3.62

3.56

3.56

3.38

3.32

3.17

3.07

3.17

3.50

3.44

3.17

2.72

2.68

2.60

2.60

2.80

2.76

2.72

2.88

2.93

3.02

3.17

2.84

2.97

3.22

3.12

3.38

3.62

3.68

3.68

3.62

3.56

3.62

3.62

3.44

3.17

3.44

3.81

4.03

3.96

3.81

3.96

3.81

3.81

3.68

3.44

3.62

3.56

3.38

3.44

3.44

4.18

4.62

4.35

4.03

4.11

4.35

4.43

4.91

4.62

4.26

4.35

4.35

4.26

3.88

3.81

4.18

4.43

4.35

4.43

4.03

3.88

3.50

3.38

2.97

2.76

3.32

3.22

2.97

2.68

2.84

3.50

3.32

3.27

2.88

3.27

3.56

3.68

2.97

2.84

3.12

3.22

2.72

2.93

2.84

2.72

2.76

3.22

3.17

3.68

3.56

2.72

2.30

2.46

2.53

2.93

3.32

3.27

3.27

2.80

2.76

3.02

2.88

2.76

2.93

3.02

2.97

3.02

3.38

2.97

2.84

2.72

2.39

2.64

2.80

2.64

2.76

3.22

3.17

3.62

3.62

3.32

2.97

3.27

3.22

3.12

3.32

3.75

3.81

3.32

3.32

3.44

4.26

4.18

3.38

2.56

2.30

2.36

2.39

2.72

2.88

2.80

2.80

2.72

2.72

2.84

3.12

3.75

4.18

3.96

3.62

3.96

4.35

4.43

4.62

4.18

3.81

3.88

4.26

4.52

4.43

4.43

4.35

3.62

3.68

3.88

4.18

4.03

3.50

2.93

2.84

2.88

2.68

2.42

2.56

2.21

2.21

2.30

2.10

2.10

2.10

2.15

2.24

2.21

2.33

2.24

2.21

2.49

2.49

2.18

2.12

2.12

2.27

2.39

2.18

2.30

2.36

2.24

2.24

2.33

2.60

2.49

2.39

2.72

2.53

2.33

2.18

2.24

2.53

2.49

2.60

2.84

2.76

2.88

3.17

2.88

2.93

3.32

3.02

3.17

3.27

2.97

3.12

2.93

2.88

3.68

3.50

3.38

3.12

2.97

3.56

3.32

3.27

2.64

2.76

2.49

2.33

2.39

2.76

2.68

2.84

2.88

3.12

3.07

2.76

2.97

2.97

2.84

3.22

2.93

2.68

2.68

3.07

3.17

3.12

3.07

2.80

2.49

2.10

2.30

2.15

2.24

2.02

1.69

1.77

1.67

1.60

1.75

1.33

1.53

1.92

1.75

1.83

1.86

1.47

1.37

1.18

1.04

0.82

0.66

0.61

0.67

1.24

2.12

2.33

2.60

2.76

2.60

2.56

2.88

3.22

2.88

2.56

2.33

2.30

2.39

2.27

2.24

2.18

2.18

2.33

2.53

2.64

2.60

2.72

2.84

2.80

2.56

2.42

2.39

2.42

2.49

2.49

2.46

2.53

2.64

2.88

2.97

2.97

2.93

2.84

2.76

2.80

2.88

2.88

2.72

2.56

2.56

2.56

2.60

2.68

2.76

2.84

2.84

2.84

2.72

2.56

2.49

2.49

2.49

2.49

2.49

2.46

2.46

2.46

2.46

2.46

2.49

2.49

2.53

2.53

2.53

2.46

2.42

2.30

2.24

2.15

2.02

2.05

1.95

1.81

1.71

1.65

1.58

1.48

1.39

1.35

1.27

1.17

1.11

1.02

0.87

0.80

0.79

0.71

0.63

0.64

0.61

0.58

0.57

0.53

0.52

0.54

0.56

0.58

0.58

0.52

0.45

0.40

0.36

0.32

0.27

0.25

0.23

0.18

0.12

0.11

0.08

0.06

0.04

0.04

0.04

0.06

0.07

0.08

0.08

0.07

0.08

0.08

0.08

0.07

0.06

0.06

0.05

0.04

0.04

0.03

0.03

0.02

0.02

0.02

0.01

0.01

0.01

0.01

0.00

0.00

0.00

0.00

0.00

0.00

0.00

0.00

0.00

0.00

0.00

0.00

0.00

0.00

0.00

0.00

0.00

0.00

0.00

0.00

0.00

0.00

0.00

0.00

0.00

0.00

0.00

0.00

0.00

0.00

0.00

0.00

0.00

0.00

0.00

0.00

0.00

0.00

0.00

0.00

0.00

0.00

0.00

0.00

0.00

0.00

0.00

0.00

0.00

0.00

0.00

0.00

0.01

0.00

0.00

0.02

0.00

0.00

0.00

0.00

0.00

0.00

0.00

0.00

0.00

0.00

0.00

0.00

0.00

0.00

0.00

0.00

0.00

0.00

0.00

0.00

0.00

0.00

0.00

0.00

0.00

0.00

0.00

0.00

0.00

0.00

0.00

0.00

0.00

0.00

0.00

0.00

0.00

0.00

0.00

0.00

0.00

0.00

0.00

0.00

0.00

0.00

0.00

0.00

0.00

0.00

0.00

0.00

0.00

0.00

0.00

0.00

0.00

0.00

0.00

0.00

0.00

0.00

0.00

0.00

0.00

0.00

0.00

0.00

0.00

0.00

0.00

0.00

0.00

0.00

0.11

0.13

0.15

0.12

0.05

0.04

0.05

0.05

0.04

0.05

0.04

0.01

0.05

0.00

0.02

0.04

0.04

0.02

