0.00

0.01

0.00

0.00

0.00

0.00

0.00

0.00

0.00

0.00

0.00

0.00

0.00

0.00

0.00

0.00

0.00

0.00

0.00

0.00

0.00

0.00

0.00

0.00

0.00

0.00

0.00

0.00

0.00

0.00

0.00

0.00

0.00

0.00

0.00

0.00

0.00

0.00

0.00

0.00

0.00

0.00

0.00

0.00

0.00

0.00

0.01

0.01

0.01

0.01

0.01

0.02

0.02

0.02

0.02

0.03

0.03

0.04

0.05

0.05

0.06

0.07

0.07

0.08

0.09

0.10

0.11

0.12

0.13

0.15

0.17

0.19

0.21

0.23

0.26

0.28

0.30

0.32

0.35

0.38

0.42

0.47

0.52

0.56

0.62

0.68

0.70

0.68

0.65

0.61

0.56

0.54

0.56

0.60

0.64

0.68

0.74

0.82

0.87

0.87

0.90

1.02

1.14

1.26

1.34

1.42

1.52

1.57

1.58

1.65

1.69

1.62

1.48

1.37

1.34

1.41

1.52

1.55

1.57

1.53

1.44

1.52

1.79

2.02

2.10

2.10

1.95

1.77

1.83

2.05

2.30

2.27

2.49

2.93

3.32

4.11

5.02

6.01

6.31

6.01

4.91

4.26

3.75

3.22

2.64

2.49

1.71

2.33

3.02

2.68

2.46

2.00

1.90

3.38

5.02

5.48

5.48

5.48

5.36

5.12

5.36

6.01

6.81

7.19

7.59

7.59

7.81

8.04

8.04

7.59

6.64

6.16

6.47

7.38

7.81

8.28

9.08

9.69

10.37

12.48

14.12

14.76

13.54

12.48

11.14

10.02

9.69

11.56

14.12

19.84

23.64

16.98

17.85

19.84

23.64

33.66

80.76

43.93

54.29

61.20

54.29

114.61

48.63

 NAN

61.20

10.02

8.80

8.04

9.08

9.69

10.74

10.37

9.08

7.38

7.38

10.37

12.48

14.12

15.44

16.98

17.85

17.85

17.85

15.44

14.76

16.98

17.85

19.84

18.80

16.98

18.80

16.98

12.48

10.37

8.04

6.81

6.01

5.36

4.11

3.44

3.68

4.91

7.38

6.16

7.81

11.56

12.48

14.76

14.76

13.54

10.37

6.81

5.12

5.24

6.81

8.53

9.38

11.14

12.99

12.48

14.12

16.98

17.85

14.76

11.14

11.56

11.56

11.56

11.56

11.56

10.37

10.37

10.37

10.02

9.38

10.74

11.56

13.54

20.98

28.90

33.66

36.58

39.96

33.66

36.58

36.58

31.13

22.24

16.98

15.44

16.18

17.85

17.85

16.98

18.80

22.24

28.90

26.94

25.20

25.20

28.90

48.63

39.96

39.96

33.66

25.20

20.98

20.98

19.84

18.80

14.76

11.56

10.02

12.48

20.98

33.66

26.94

13.54

7.19

3.88

2.68

2.36

1.90

2.56

4.71

8.04

9.08

14.12

20.98

22.24

25.20

22.24

23.64

25.20

26.94

25.20

23.64

33.66

39.96

43.93

39.96

43.93

36.58

36.58

39.96

39.96

33.66

26.94

22.24

17.85

16.18

14.76

12.00

9.69

8.28

7.81

8.04

8.28

7.59

7.19

7.00

7.38

9.08

10.74

11.14

11.14

10.02

9.08

8.80

9.38

10.37

11.56

11.56

12.00

12.48

14.76

17.85

22.24

26.94

28.90

33.66

33.66

33.66

33.66

31.13

31.13

33.66

33.66

31.13

33.66

36.58

33.66

28.90

25.20

22.24

18.80

17.85

16.98

16.18

14.12

12.99

16.98

16.98

19.84

22.24

20.98

20.98

20.98

25.20

28.90

36.58

48.63

54.29

54.29

48.63

39.96

33.66

25.20

17.85

12.48

10.37

8.80

8.28

7.81

8.53

9.08

10.37

11.56

12.00

14.12

15.44

17.85

18.80

19.84

23.64

25.20

25.20

23.64

22.24

22.24

22.24

22.24

20.98

19.84

19.84

18.80

16.18

14.12

12.48

12.00

11.14

10.02

10.74

12.48

12.48

12.00

12.48

12.99

12.99

12.00

12.99

14.12

16.18

16.98

16.18

16.18

16.98

16.98

16.18

14.76

15.44

16.18

14.76

13.54

12.48

12.48

12.48

12.48

12.48

12.99

12.00

9.38

10.02

10.37

10.37

11.14

11.56

11.14

11.14

10.02

8.80

8.28

7.38

7.19

6.31

6.64

7.19

6.64

6.81

7.59

8.04

9.08

8.04

7.81

7.59

7.59

7.81

8.04

7.81

7.59

7.81

8.04

7.81

7.38

7.81

8.53

8.53

7.81

7.59

7.19

7.19

7.19

7.19

7.38

7.81

8.53

9.08

9.38

10.02

11.14

12.00

12.00

11.14

10.02

8.80

8.28

7.81

7.81

7.38

7.19

7.38

7.38

7.38

7.00

6.47

6.31

6.16

6.16

6.31

6.47

6.47

6.47

6.47

6.81

6.81

6.47

6.01

5.48

5.12

5.02

4.26

4.52

3.96

3.44

3.22

3.02

2.93

2.76

2.64

2.46

2.33

2.27

2.15

2.07

2.00

1.97

1.97

2.07

2.18

2.15

2.10

2.05

1.92

1.81

1.75

1.69

1.65

1.62

1.58

1.52

1.48

1.42

1.37

1.31

1.29

1.24

1.20

1.16

1.11

1.06

1.01

0.98

0.90

0.85

0.80

0.76

0.72

0.68

0.65

0.61

0.57

0.53

0.50

0.46

0.43

0.40

0.37

0.34

0.31

0.29

0.26

0.23

0.21

0.19

0.17

0.15

0.13

0.12

0.10

0.09

0.08

0.07

0.06

0.05

0.04

0.04

0.03

0.03

0.02

0.02

0.02

0.01

0.01

0.01

0.01

0.01

0.00

0.00

0.00

0.00

0.00

0.00

0.00

0.00

0.00

0.00

0.00

0.00

0.00

0.00

0.00

0.00

0.00

0.00

0.00

0.00

0.00

0.00

0.00

0.00

0.00

0.00

0.00

0.00

0.00

0.00

0.00

0.00

0.00

0.00

0.00

0.00

0.00

0.00

0.00

0.00

0.00

0.00

0.00

0.00

0.00

0.00

0.00

0.00

0.00

0.00

0.00

0.00

0.00

0.00

0.00

0.00

0.00

0.00

0.00

0.00

0.00

0.00

0.00

0.00

0.00

0.00

0.00

0.00

0.00

0.00

0.00

0.00

0.00

0.01

0.00

0.00

