0
0
0
0
0
0
0
0
0
0
0
0
0
0
0
0
0
0
0
0
0
0
0
0
0
0
0
0
0
0
0
0
0
0
0
0
0
0
0
0
0
0
0
0
0
0
0
0
0
0
0
0
0
0
0
0
0
0
0
0
0
0
0
0
0
0
0
0
0
0
0
0
0
0
0
0
0
0
0
0
0
0
0
0
0
0
0
0
0
0
0
0
0
0
0
0
0
0
0
0
0
0
0
0
0
0
0
0
0
0
0
0
0
0
0
0
0
0
0
0
0
0
0
0
0
0
0
0
0
0
0
0
0
0
0
0
0
0
0
0
0
0
0
0
0
0
0
0
0
0
0
0
0
0
0
0
0
0
0
0
0
0
0
0
0
0
0
0
0
0
0
0
0
0
0
0
0
0
0
0
0
0
0
0
0
0
0
0
0
0
0
0
0
0
0
0
0
0
0
0
0
0
0
0
0
0
0
0
0
0
0
0
0
0
0
0
0
0
0
0
0
0
0
0
0
0
0
0
0
0
0
0
0
0
0
0
0
0
0
0
0
0
0
0
0
0
0
0
0
0
0
0
0
0
0
0
0
0
0
0
0
0
0
0
0
0
0
0
0
0
0
0
0
0
0
0
0
0
0
0
0
0
0
0
0
0
0
0
0
0
0
0
0
0
0
0
0
0
0
0
0
0
0
0
0
0
0
0
0
0
0
0
0
0
0
0
0
0
0
0
0
0
0
0
0
0
0
0
0
0
0
0
0
0
0
0
0
0
0
0
0
0
0
0
0
0
0
0
0
0
0
0
0
0
0
0
0
0
0
0
0
0
0
0
0
0
0
0
0
0
0
0
0
0
0
0
0
0
0
0
0
0
0
0
0
0
0
0
0
0
0
0
0
0
0
0
0
0
0
0
0
0
0
0
0
0
0
0
0.01
0.01
0.06
0.07
0.08
0.09
0.1
0.12
0.14
0.15
0.17
0.19
0.21
0.23
0.26
0.29
0.31
0.35
0.39
0.41
0.45
0.48
0.52
0.55
0.58
0.62
0.66
0.7
0.74
0.78
0.82
0.86
0.9
0.95
0.98
1.04
1.1
1.14
1.18
1.25
1.27
1.27
1.31
1.35
1.41
1.45
1.5
1.53
1.57
1.6
1.65
1.73
1.77
1.83
1.86
1.88
1.9
1.95
2.02
2.07
2.1
2.1
2.15
2.21
2.33
2.42
2.49
2.53
2.53
2.6
2.72
2.8
2.84
2.84
2.8
2.84
2.88
2.97
3.02
3.07
3.12
3.17
3.17
3.22
3.32
3.38
3.5
3.56
3.56
3.88
3.62
3.62
3.62
3.68
3.68
3.68
3.68
3.68
3.75
3.75
3.81
3.88
3.96
4.03
4.11
4.11
4.18
4.26
4.35
4.35
4.35
4.52
4.52
4.62
4.62
4.71
4.71
4.81
4.81
4.81
4.81
4.91
4.91
4.91
5.02
5.12
5.24
5.24
5.24
5.12
5.24
5.24
5.36
5.36
5.48
5.6
5.6
5.6
5.6
5.6
5.6
5.73
5.87
5.87
5.87
5.87
6.01
6.01
5.87
5.73
5.87
6.01
6.16
6.31
6.16
6.47
6.81
6.47
5.48
5.87
7
7.59
7.81
7.81
7.59
7.19
7.19
7.38
7.81
7.81
7.81
7.59
7.81
7.38
7.19
7.38
7.59
7.59
7.81
7.59
7.59
7.59
7.59
7.19
7.38
8.04
7.59
7.59
7.59
7.81
7.59
7.38
7.59
7.59
7.59
7.59
7.38
7.59
7.81
7.59
7.81
7.59
7.38
7.38
7.59
7.38
7.19
7.59
7.81
7.81
7.81
7.59
8.04
8.04
7.19
7.38
7.81
7.38
7.59
7
7.38
7.81
8.28
8.28
8.04
7.81
8.04
8.28
8.28
8.28
8.04
8.28
8.53
8.53
8.28
8.28
8.53
7.59
7.59
6.01
7.81
8.53
8.53
8.53
8.53
8.8
8.28
8.53
9.08
10.02
10.02
10.74
9.69
7.81
7.59
7.59
7
7
7.38
7
6.81
6.47
6.47
6.31
5.6
5.87
5.87
5.6
6.01
7.19
8.8
9.38
9.38
10.37
10.02
10.02
9.69
7.81
8.53
6.64
7.19
8.28
5.87
7.38
6.47
6.64
6.64
7.19
5.6
5.6
5.48
6.16
6.31
8.53
6.16
7.59
9.38
9.08
7.38
8.04
8.8
6.01
6.01
6.31
6.01
6.31
8.53
6.31
5.73
5.87
6.16
6.81
7.38
6.31
9.08
6.16
7.19
8.8
7.38
7
6.64
6.31
7.81
6.64
9.08
9.08
9.08
10.02
10.02
9.38
9.38
9.69
8.28
7.38
7.38
7.81
7
6.31
6.47
6.81
7.38
7.38
8.28
9.08
8.04
7.38
7.19
7.38
7
6.81
7.19
7.81
6.47
7
7.38
7.81
8.53
8.8
8.04
7.59
8.04
8.04
9.38
8.28
9.08
8.8
8.8
7.38
8.53
7.59
7.81
7.81
8.28
8.8
8.53
9.69
9.08
8.28
8.28
8.28
8.04
7.81
8.04
7.81
7.81
7.59
7.38
7
6.81
7.19
6.81
7
7
7
7
7
7.38
7.19
7.38
7
7
7
7
7.38
7.38
7.38
7.81
7.81
7.81
7.59
7.19
7
6.64
6.81
7
7.38
7.38
7.59
7.19
7
6.47
6.47
6.81
7.19
7.19
7.19
7.19
7.38
7.38
7.38
7.38
7.19
6.81
6.47
6.47
6.47
6.47
6.64
6.64
6.81
6.81
6.64
6.47
6.47
6.47
6.47
6.47
6.64
6.64
6.81
6.81
6.64
6.64
6.47
6.47
6.47
6.31
6.31
6.16
6.01
6.01
6.01
5.87
5.87
5.73
5.6
5.6
5.6
5.48
5.6
5.6
5.6
5.6
5.6
5.6
5.48
5.36
5.24
5.12
5.12
5.12
5.12
5.12
5.12
5.24
5.36
5.48
5.6
5.73
5.87
5.73
5.48
5.36
5.24
5.02
5.02
5.02
5.02
5.12
5.24
5.24
5.24
5.12
5.12
5.12
5.12
5.12
5.02
4.91
4.81
4.81
4.81
4.81
4.91
4.91
4.91
4.81
4.81
4.81
4.91
4.91
4.81
4.62
4.43
4.35
4.35
4.26
4.26
4.35
4.26
4.18
4.03
3.75
3.44
3.22
3.02
2.88
2.88
2.97
3.07
3.07
3.07
3.07
3.02
3.07
3.17
3.22
3.44
3.62
3.68
3.75
3.81
3.75
3.56
3.38
3.38
3.38
3.32
3.32
3.38
3.38
3.38
3.27
3.17
3.22
3.22
3.27
3.27
3.27
3.22
3.17
3.17
3.12
3.07
3.12
3.12
3.17
3.22
3.27
3.27
3.27
3.22
3.07
2.97
2.93
2.93
2.97
2.97
2.93
2.97
2.88
2.84
2.8
2.72
2.64
2.64
2.6
2.53
2.49
2.39
2.33
2.3
2.21
2.12
2
1.95
1.81
1.75
1.65
1.58
1.52
1.45
1.39
1.34
1.3
1.27
1.24
1.19
1.16
1.13
1.1
1.07
1.06
1.12
1.16
1.11
1.03
0.96
0.87
0.77
0.69
0.61
0.56
0.53
0.48
0.44
0.4
0.38
0.35
0.33
0.31
0.29
0.28
0.27
0.25
0.24
0.22
0.21
0.19
0.17
0.16
0.14
0.12
0.11
0.09
0.08
0.07
0.06
0.05
0.04
0.04
0.03
0.03
0.02
0.02
0.02
0.01
0.01
0.01
0.01
0.01
0
0
0
0
0
0
0
0
0
0
0
0
0
0
0
0
0
0
0
0
0
0
0
0
0
0
0
0
0
0
0
0
0
0
0
0
0
0
0
0
0
0
0
0
0
0
0
0
0
0
0
0
0
0
0
0
0
0
0
0
0
0
0
0
0
0
0
0
0
0
0
0
0
0
0
0
0
0
0
0
0
0
0
0
0
0
0
0
0
0
0
0
0
0
0
0
0
0
0
0
0
0
0
0
0
0
0
0
0
0
0
0
0
0
0
0
0
0
0
0
0
0
0
0
0
0
0
0
0
0
0
0
0
0
0
0
0
0
0
0
0
0
0
0
0
0
0
0
0
0
0
0
0
0
0
0
0
0
0
0
0
0
0
0
0
0
0
0
0
0
0
0
0
0
0
0
0
0
0
0
0
0
0
0
0
0
0
0
0
0
0
0
0
0
0
0
0
0
0
0
0
0
0
0
0
0
0
0
0
0
0
0
0
0
0
0
0
0
0
0
0
0
0
0
0
0
0
0
0
0
0
0
0
0
0
0
0
0
0
0
0
0
0
0
0
0
0
0
0
0
0
0
0
0
0
0
0
0
0
0
0
0
0
0
0
0
0
0
0
0
0
0
0
0
0
0
0
0
0
0
0
0
0
0
0
0
0
0
0
0
0
0
0
0
0
0
0
0
0
0
0
0
0
0
0
0
0
0
0
0
0
0
0
0
0
0
0
0
0
0
0
0
0
0
0
0
0
0
0
0
0
0
0
0
0
0
0
0
0
0
0
0
0
0
0
0
0
0
0
0
0
0
0
0
0
0
0
0
0
0
0
