0
0
0
0
0
0
0
0
0
0
0
0
0
0
0
0
0
0
0
0
0
0
0
0
0
0
0
0
0
0
0
0
0
0
0
0
0
0
0
0
0
0
0
0
0
0
0
0
0
0
0
0
0
0
0
0
0
0
0
0
0
0
0
0
0
0
0
0
0
0
0
0
0
0
0
0
0
0
0
0
0
0
0
0
0
0
0
0
0
0
0
0
0
0
0
0
0
0
0
0
0
0
0
0
0
0
0
0
0
0
0
0
0
0
0
0
0
0
0
0
0
0
0
0
0
0
0
0
0
0
0
0
0
0
0
0
0
0
0
0
0
0
0
0
0
0
0
0
0
0
0
0
0
0
0
0
0
0
0
0
0
0
0
0
0
0
0
0
0
0
0
0
0
0
0
0
0
0
0
0
0
0
0
0
0
0
0
0
0
0
0
0
0
0
0
0
0
0
0
0
0
0
0
0
0
0
0
0
0
0
0
0
0
0
0
0
0
0
0
0
0
0
0
0
0
0
0
0
0
0
0
0
0
0
0
0
0
0
0
0
0
0
0
0
0
0
0
0
0
0
0
0
0
0
0
0
0
0
0
0
0
0
0
0
0
0
0
0
0
0
0
0
0
0
0
0
0
0
0
0
0
0
0
0
0
0
0
0
0
0
0
0
0
0
0
0
0
0
0
0
0
0
0
0
0
0
0
0
0
0
0
0
0
0
0
0
0
0
0
0
0
0
0
0
0
0
0
0
0
0
0
0
0
0
0
0
0
0
0
0
0
0
0
0
0
0
0
0
0
0
0
0
0
0
0
0
0
0
0
0
0
0
0
0
0
0
0
0
0
0
0
0
0
0
0
0
0
0
0
0
0
0
0
0
0
0
0
0
0
0
0
0
0
0
0
0
0
0
0
0
0
0
0
0
0
0
0
0
0
0
0
0
0
0
0
0
0
0
0
0
0
0
0
0
0
0
0
0
0
0
0
0
0
0
0
0
0
0
0
0
0
0
0
0
0
0
0
0
0
0
0
0
0
0.01
0.01
0.01
0.01
0.01
0.01
0.02
0.02
0.02
0.03
0.03
0.03
0.03
0.04
0.04
0.04
0.05
0.05
0.05
0.06
0.07
0.07
0.08
0.09
0.1
0.11
0.13
0.14
0.15
0.17
0.19
0.2
0.22
0.25
0.27
0.29
0.32
0.35
0.38
0.41
0.44
0.48
0.53
0.58
0.63
0.7
0.75
0.81
0.86
0.9
0.93
0.97
1
1.05
1.1
1.15
1.2
1.25
1.31
1.37
1.42
1.47
1.53
1.58
1.64
1.65
1.65
1.67
1.67
1.65
1.65
1.67
1.71
1.73
1.77
1.79
1.83
1.86
1.88
1.9
1.9
1.92
1.95
1.97
1.97
1.97
1.95
1.92
1.92
1.92
1.95
1.97
2
2.02
2.05
2.07
2.12
2.15
2.21
2.27
2.33
2.39
2.49
2.56
2.6
2.64
2.68
2.68
2.68
2.68
2.64
2.68
2.68
2.76
2.8
2.88
2.97
3.02
3.07
3.22
3.38
3.5
3.56
3.62
3.62
3.56
3.5
3.38
3.27
3.22
3.12
3.02
2.93
2.84
2.88
2.93
2.97
3.02
3.07
3.17
3.22
3.22
3.27
3.17
3.07
3.02
2.93
2.88
2.84
2.76
2.72
2.68
2.8
2.72
2.56
2.53
2.6
2.53
2.64
2.84
3.17
3.68
4.18
4.43
4.43
4.43
4.35
4.35
4.43
4.18
4.11
4.03
4.11
4.18
3.96
3.62
3.38
3.12
2.97
2.97
3.02
3.02
3.17
3.5
4.03
4.35
4.43
4.35
4.43
4.52
4.43
4.52
4.62
4.62
4.26
4.35
4.43
4.52
4.71
4.62
4.62
4.71
4.71
4.81
5.02
5.24
5.12
4.91
4.91
5.02
4.91
5.02
5.02
5.02
4.91
4.81
4.71
4.62
4.52
4.52
4.52
4.43
4.71
4.81
4.81
4.71
4.62
4.81
5.24
5.12
4.71
4.43
4.35
4.52
4.71
4.81
4.81
4.62
4.62
4.71
4.81
4.81
4.71
4.71
5.12
5.36
5.48
5.36
5.36
5.24
5.24
5.24
5.02
4.91
5.02
5.24
5.36
5.48
5.48
5.6
5.73
5.73
5.6
5.36
5.24
5.12
5.12
5.24
5.24
5.24
5.02
4.62
4.43
4.43
4.35
4.43
4.43
4.52
4.62
4.43
4.11
3.88
4.03
4.18
4.11
4.18
4.43
4.35
4.26
4.52
4.71
4.81
4.81
4.62
4.71
4.91
4.91
4.81
4.91
5.02
4.91
4.71
4.62
4.52
4.43
4.35
4.35
4.43
4.62
4.71
4.81
4.81
4.91
5.02
5.12
5.24
5.24
5.02
5.02
5.24
5.12
5.02
5.02
5.02
4.71
3.62
3.02
7.19
7
6.16
5.87
5.87
5.02
4.62
3.88
3.22
3.17
3.12
3.12
3.12
3.12
3.12
3.12
3.12
3.12
3.12
3.17
3.17
3.17
3.22
3.22
3.27
3.27
3.27
3.32
3.32
3.27
3.22
3.17
3.27
3.27
3.38
3.88
3.68
3.5
3.44
3.32
3.56
3.81
3.88
3.88
3.96
3.96
4.11
4.35
4.71
5.02
5.36
5.48
5.36
5.02
4.71
4.71
4.91
4.71
4.52
4.62
4.81
5.02
4.91
4.91
4.91
4.91
4.81
4.71
4.62
4.52
4.26
4.18
4.18
4.35
4.35
4.26
4.26
4.35
4.26
4.11
3.81
3.68
3.68
3.75
3.75
3.75
3.62
3.44
3.44
3.5
3.56
3.5
3.5
3.44
3.22
2.97
2.84
2.84
2.8
2.88
2.93
2.88
2.93
2.88
2.88
3.02
3.02
2.88
2.84
2.93
2.93
2.84
2.72
2.8
2.88
3.02
3.12
3.22
2.97
2.76
2.6
2.53
2.76
2.93
2.8
2.72
2.56
2.6
2.6
2.49
2.46
2.46
2.46
2.42
2.49
2.49
2.6
2.64
2.53
2.46
2.42
2.36
2.27
2.24
2.18
2.1
2.33
2.39
2.56
2.56
2.39
2.42
2.3
2.21
2.18
2.1
2.05
1.92
1.86
1.86
1.86
1.92
1.95
2.02
2.02
1.97
1.95
1.95
1.88
1.79
1.69
1.55
1.42
1.3
1.25
1.23
1.16
1.09
1.04
1
0.94
0.89
0.87
0.86
0.85
0.83
0.82
0.79
0.77
0.75
0.72
0.67
0.62
0.56
0.54
0.55
0.54
0.51
0.51
0.49
0.47
0.45
0.42
0.41
0.39
0.37
0.35
0.32
0.29
0.26
0.24
0.24
0.23
0.21
0.19
0.18
0.16
0.14
0.12
0.11
0.1
0.1
0.1
0.09
0.08
0.08
0.07
0.06
0.06
0.05
0.05
0.04
0.03
0.03
0.03
0.02
0.02
0.02
0.01
0.01
0.01
0.01
0.01
0.01
0
0
0
0
0
0
0
0
0
0
0
0
0
0
0
0
0
0
0
0
0
0
0
0
0
0
0
0
0
0
0
0
0
0
0
0
0
0
0
0
0
0
0
0
0
0
0
0
0
0
0
0
0
0
0
0
0
0
0
0
0
0
0
0
0
0
0
0
0
0
0
0
0
0
0
0
0
0
0
0
0
0
0
0
0
0
0
0
0
0
0
0
0
0
0
0
0
0
0
0
0
0
0
0
0
0
0
0
0
0
0
0
0
0
0
0
0
0
0
0
0
0
0
0
0
0
0
0
0
0
0
0
0
0
0
0
0
0
0
0
0
0
0
0
0
0
0
0
0
0
0
0
0
0
0
0
0
0
0
0
0
0
0
0
0
0
0
0
0
0
0
0
0
0
0
0
0
0
0
0
0
0
0
0
0
0
0
0
0
0
0
0
0
0
0
0
0
0
0
0
0
0
0
0
0
0
0
0
0
0
0
0
0
0
0
0
0
0
0
0
0
0
0
0
0
0
0
0
0
0
0
0
0
0
0
0
0
0
0
0
0
0
0
0
0
0
0
0
0
0
0
0
0
0
0
0
0
0
0
0
0
0
0
0
0
0
0
0
0
0
0
0
0
0
0
0
0
0
0
0
0
0
0
0
0
0
0
0
0
0
0
0
0
0
0
0
0
0
0
0
0
0
0
0
0
0
0
0
0
0
0
0
0
0
0
0
0
0
0
0
0
0
0
0
0
0
0
0
0
0
0
0
0
0
0
0
0
0
0
0
0
0
0
0
0
0
0
0
0
0
0
0
0
0
0
0
0
0
0
0
0
0
0
0
0
0
0
0
0
0
0
0
0
0
0
0
0
0
0
0
0
0
0
0
0
0
0
0
0
0
0
0
0
0
0
0
0
0
0
0
0
0
0
0
0
0
0
0
0
0
0
0
0
0
0
0
