0
0
0
0
0
0
0
0
0
0
0
0
0
0
0
0
0
0
0
0
0
0
0
0
0
0
0
0
0
0
0
0
0
0
0
0
0
0
0
0
0
0
0
0
0
0
0
0
0
0
0
0
0
0
0
0
0
0
0
0
0
0
0
0
0
0
0
0
0
0
0
0
0
0
0
0
0
0
0
0
0
0
0
0
0
0
0
0
0
0
0
0
0
0
0
0
0
0
0
0
0
0
0
0
0
0
0
0
0
0
0
0
0
0
0
0
0
0
0
0
0
0
0
0
0
0
0
0
0
0
0
0
0
0
0
0
0
0
0
0
0
0
0
0
0
0
0
0
0
0
0
0
0
0
0
0
0
0
0
0
0
0
0
0
0
0
0
0
0
0
0
0
0
0
0
0
0
0
0
0
0
0
0
0
0
0
0
0
0
0
0
0
0
0
0
0
0
0
0
0
0
0
0
0
0
0
0
0
0
0
0
0
0
0
0
0
0
0
0
0
0
0
0
0
0
0
0
0
0
0
0
0
0
0
0
0
0
0
0
0
0
0
0
0
0
0
0
0
0
0
0
0
0
0
0
0
0
0
0
0
0
0
0
0
0
0
0
0
0
0
0
0
0
0
0
0
0
0
0
0
0
0
0
0
0
0
0
0
0
0
0
0
0
0
0
0
0
0
0
0
0
0
0
0
0
0
0
0
0
0
0
0
0
0
0
0
0
0
0
0
0
0
0
0
0
0
0
0
0
0
0
0
0
0
0
0
0
0
0
0
0
0
0
0
0
0
0
0
0
0
0
0
0
0
0
0
0
0
0
0
0
0
0
0
0
0
0
0
0
0
0
0
0
0
0
0
0
0
0
0
0
0
0
0
0
0
0
0
0
0
0
0
0
0
0
0
0
0
0
0
0
0
0
0
0
0
0
0
0
0
0
0
0
0
0
0
0
0
0
0
0
0
0
0
0
0
0
0
0
0
0
0
0
0
0
0
0
0
0
0
0
0
0
0
0
0
0
0
0
0.01
0.01
0.01
0.01
0.01
0.02
0.02
0.02
0.03
0.03
0.04
0.04
0.05
0.06
0.07
0.08
0.09
0.1
0.11
0.13
0.14
0.16
0.18
0.2
0.22
0.24
0.26
0.29
0.32
0.35
0.37
0.4
0.43
0.46
0.49
0.52
0.54
0.58
0.61
0.64
0.67
0.7
0.73
0.75
0.78
0.81
0.84
0.87
0.9
0.93
0.95
0.98
1.02
1.04
1.06
1.09
1.12
1.14
1.16
1.18
1.21
1.24
1.26
1.27
1.3
1.33
1.34
1.37
1.38
1.39
1.42
1.44
1.45
1.47
1.48
1.52
1.53
1.55
1.57
1.58
1.6
1.62
1.64
1.65
1.65
1.67
1.69
1.71
1.73
1.75
1.75
1.77
1.79
1.79
1.81
1.81
1.83
1.83
1.86
1.86
1.88
1.88
1.9
1.92
1.92
1.95
1.95
1.97
1.97
2
2
2.02
2.05
2.05
2.05
2.07
2.07
2.1
2.1
2.12
2.12
2.15
2.15
2.18
2.21
2.21
2.21
2.21
2.24
2.24
2.24
2.24
2.21
2.24
2.21
2.27
2.3
2.3
2.33
2.33
2.36
2.36
2.36
2.36
2.39
2.46
2.42
2.39
2.27
2.42
2.42
2.49
2.56
2.68
2.97
3.27
3.62
3.81
3.75
3.75
3.88
4.03
4.18
4.26
4.35
4.43
4.71
5.02
5.02
4.81
4.81
4.91
5.02
5.02
4.91
4.62
4.35
4.18
4.11
4.18
4.18
4.18
4.11
4.03
4.03
4.11
4.11
4.03
4.03
3.96
4.03
4.11
4.03
3.81
3.56
3.38
3.38
3.56
3.81
3.96
3.88
3.81
4.03
4.35
4.62
4.62
4.52
4.18
3.88
3.56
3.32
3.68
4.18
4.52
4.52
4.35
4.26
3.56
3.5
3.17
3.22
3.38
3.22
3.22
3.5
3.44
3.81
4.43
5.36
5.02
4.43
4.03
3.5
2.93
2.68
2.6
2.56
2.68
2.64
2.84
2.88
2.84
2.84
2.84
2.97
2.88
2.84
2.88
2.97
3.02
2.93
2.88
3.02
3.22
3.96
4.71
5.24
5.36
5.36
5.02
4.62
4.03
3.68
3.62
3.88
4.35
4.71
4.62
4.35
3.62
3.07
3.12
3.02
3.02
3.02
3.62
3.44
3.44
3.38
3.22
3.12
3.07
3.02
3.07
3.02
3.02
3.07
3.07
3.07
3.12
3.22
3.32
3.27
3.44
3.75
3.5
3.56
3.32
3.27
3.22
3.22
3.27
3.22
3.17
3.17
3.17
3.22
3.27
3.22
3.22
3.17
3.27
3.17
4.35
5.12
5.02
4.11
3.38
3.56
4.43
4.71
4.71
3.44
3.88
4.52
4.11
3.38
3.56
3.5
4.35
4.26
4.11
4.26
4.43
4.52
4.18
4.03
3.38
3.38
3.75
4.35
4.35
4.03
4.71
5.02
4.91
5.12
5.48
5.87
5.87
5.73
5.6
5.48
5.36
5.24
5.12
5.36
5.87
6.31
6.47
6.01
6.31
7
7.38
7.59
7.81
7.81
7.81
7.81
7.59
6.81
5.36
3.96
2.88
2.6
2.53
2.24
2.12
2.1
1.92
1.69
1.73
2
2.53
2.88
3.12
3.38
3.38
3.17
2.93
2.88
2.93
2.97
2.8
2.72
3.62
5.12
6.01
6.47
6.81
6.64
5.48
4.35
3.5
3.07
2.93
3.12
3.38
3.81
4.35
4.81
5.02
4.91
4.81
4.62
4.35
3.88
3.62
3.27
3.12
3.38
3.68
3.62
3.5
3.5
3.5
3.56
3.22
2.97
2.76
2.64
2.53
2.46
2.42
2.42
2.33
2.3
2.3
2.21
2.21
2.33
2.36
2.36
2.36
2.33
2.33
2.33
2.3
2.3
2.3
2.3
2.27
2.3
2.27
2.27
2.33
2.36
2.36
2.53
2.53
2.46
2.42
2.24
2.18
2.18
2.24
2.33
2.42
2.3
2.15
2.1
2.1
2.15
2.46
2.68
2.53
2.53
2.12
2.05
2.07
2.21
2.27
2.27
2.24
2.15
2.02
1.81
1.67
1.58
1.52
1.45
1.44
1.42
1.39
1.38
1.35
1.31
1.29
1.27
1.26
1.31
1.38
1.35
1.26
1.25
1.27
1.24
1.2
1.17
1.14
1.12
1.09
1.06
1.03
1
0.98
0.95
0.93
0.89
0.87
0.86
0.84
0.82
0.8
0.76
0.72
0.69
0.66
0.64
0.61
0.59
0.57
0.55
0.52
0.49
0.46
0.43
0.41
0.38
0.36
0.34
0.32
0.29
0.27
0.25
0.23
0.21
0.2
0.19
0.17
0.15
0.13
0.11
0.1
0.09
0.08
0.07
0.06
0.05
0.04
0.04
0.03
0.03
0.02
0.02
0.02
0.01
0.01
0.01
0.01
0.01
0.01
0.01
0
0
0
0
0
0
0
0
0
0
0
0
0
0
0
0
0
0
0
0
0
0
0
0
0
0
0
0
0
0
0
0
0
0
0
0
0
0
0
0
0
0
0
0
0
0
0
0
0
0
0
0
0
0
0
0
0
0
0
0
0
0
0
0
0
0
0
0
0
0
0
0
0
0
0
0
0
0
0
0
0
0
0
0
0
0
0
0
0
0
0
0
0
0
0
0
0
0
0
0
0
0
0
0
0
0
0
0
0
0
0
0
0
0
0
0
0
0
0
0
0
0
0
0
0
0
0
0
0
0
0
0
0
0
0
0
0
0
0
0
0
0
0
0
0
0
0
0
0
0
0
0
0
0
0
0
0
0
0
0
0
0
0
0
0
0
0
0
0
0
0
0
0
0
0
0
0
0
0
0
0
0
0
0
0
0
0
0
0
0
0
0
0
0
0
0
0
0
0
0
0
0
0
0
0
0
0
0
0
0
0
0
0
0
0
0
0
0
0
0
0
0
0
0
0
0
0
0
0
0
0
0
0
0
0
0
0
0
0
0
0
0
0
0
0
0
0
0
0
0
0
0
0
0
0
0
0
0
0
0
0
0
0
0
0
0
0
0
0
0
0
0
0
0
0
0
0
0
0
0
0
0
0
0
0
0
0
0
0
0
0
0
0
0
0
0
0
0
0
0
0
0
0
0
0
0
0
0
0
0
0
0
0
0
0
0
0
0
0
0
0
0
0
0
0
0
0
0
0
0
0
0
0
0
0
0
0
0
0
0
0
0
0
0
0
0
0
0
0
0
0
0
0
0
0
0
0
0
0
0
0
0
0
0
0
0
0
0
0
0
0
0
0
0
0
0
0
0
0
0
0
0
0
0
0
0
0
0
0
0
0
0
0
0
0
0
0
0
0
0
0
0
0
0
0
0
0
0
0
0
0
0
0
0
0
0
0
0
