0
0
0
0
0
0
0
0
0
0
0
0
0
0
0
0
0
0
0
0
0
0
0
0
0
0
0
0
0
0
0
0
0
0
0
0
0
0
0
0
0
0
0
0
0
0
0
0
0
0
0
0
0
0
0
0
0
0
0
0
0
0
0
0
0
0
0
0
0
0
0
0
0
0
0
0
0
0
0
0
0
0
0
0
0
0
0
0
0
0
0
0
0
0
0
0
0
0
0
0
0
0
0
0
0
0
0
0
0
0
0
0
0
0
0
0
0
0
0
0
0
0
0
0
0
0
0
0
0
0
0
0
0
0
0
0
0
0
0
0
0
0
0
0
0
0
0
0
0
0
0
0
0
0
0
0
0
0
0
0
0
0
0
0
0
0
0
0
0
0
0
0
0
0
0
0
0
0
0
0
0
0
0
0
0
0
0
0
0
0
0
0
0
0
0
0
0
0
0
0
0
0
0
0
0
0
0
0
0
0
0
0
0
0
0
0
0
0
0
0
0
0
0
0
0
0
0
0
0
0
0
0
0
0
0
0
0
0
0
0
0
0
0
0
0
0
0
0
0
0
0
0
0
0
0
0
0
0
0
0
0
0
0
0
0
0
0
0
0
0
0
0
0
0
0
0
0
0
0
0
0
0
0
0
0
0
0
0
0
0
0
0
0
0
0
0
0
0
0
0
0
0
0
0
0
0
0
0
0
0
0
0
0
0
0
0
0
0
0
0
0
0
0
0
0
0
0
0
0
0
0
0
0
0
0
0
0
0
0
0
0
0
0
0
0
0
0
0
0
0
0
0
0
0
0
0
0
0
0
0
0
0
0
0
0
0
0
0
0
0
0
0
0
0
0
0
0
0
0
0
0
0
0
0
0
0
0
0
0
0
0
0
0
0
0
0
0
0
0
0
0
0
0
0.01
0
0
0.01
0.01
0.01
0.12
0.13
0.15
0.17
0.19
0.21
0.22
0.25
0.27
0.29
0.31
0.34
0.36
0.39
0.42
0.44
0.47
0.5
0.53
0.56
0.59
0.62
0.65
0.68
0.71
0.75
0.78
0.8
0.83
0.86
0.9
0.93
0.96
0.99
1.04
1.07
1.1
1.13
1.16
1.19
1.23
1.26
1.29
1.31
1.35
1.38
1.41
1.42
1.45
1.5
1.52
1.55
1.57
1.6
1.62
1.65
1.67
1.69
1.73
1.75
1.77
1.79
1.79
1.81
1.83
1.86
1.88
1.9
1.92
1.95
1.95
1.97
2
2.02
2.05
2.05
2.07
2.07
2.1
2.12
2.12
2.15
2.15
2.18
2.18
2.21
2.21
2.24
2.27
2.27
2.33
2.3
2.33
2.33
2.36
2.36
2.39
2.39
2.42
2.42
2.46
2.46
2.49
2.49
2.53
2.53
2.53
2.53
2.56
2.56
2.56
2.6
2.6
2.6
2.6
2.64
2.64
2.64
2.64
2.68
2.68
2.68
2.68
2.72
2.72
2.72
2.76
2.8
2.8
2.8
2.84
2.84
2.84
2.88
2.88
2.88
2.93
2.97
2.97
2.97
3.02
2.97
3.02
3.02
3.02
3.07
3.07
3.07
3.07
3.07
3.12
3.12
3.81
5.36
6.16
6.16
6.31
6.31
6.64
7
7
6.81
7.19
7.38
7.59
7.81
8.53
8.8
8.8
8.53
8.28
8.8
8.8
8.53
8.28
8.28
8.8
9.69
10.02
10.37
11.56
10.02
12
12
11.14
10.02
11.56
15.44
16.98
7.81
7.59
7.19
7.19
6.81
6.47
6.47
6.64
6.64
6.81
6.81
6.81
7
7.19
7.59
7.38
7.59
7.81
8.28
8.53
8.28
8.8
8.04
8.04
8.04
10.02
12.48
13.54
11.14
12.48
12
11.56
11.14
9.69
9.08
9.08
8.53
8.8
8.8
8.8
8.53
8.28
8.28
8.53
8.8
8.8
9.38
9.69
10.37
12
12.48
15.44
16.18
11.56
15.44
20.98
8.8
8.28
8.04
8.04
8.04
8.04
8.04
8.04
8.28
8.04
6.01
3.88
3.88
3.96
4.11
4.11
4.11
4.11
4.52
4.91
5.12
5.48
6.47
5.87
7.59
15.44
9.08
9.38
9.38
9.38
9.08
8.8
8.8
9.08
9.08
9.08
9.38
9.38
9.08
8.53
8.53
8.28
8.04
8.04
8.53
9.38
9.08
9.08
9.08
9.08
9.38
9.08
9.08
9.38
9.38
10
11.56
12.48
12
10.37
12
9.69
9.38
11.56
14.12
15.44
12.99
23.64
28.9
10.37
12.48
10.37
11.56
14.12
11.14
9.38
10.02
11.14
9.38
9.69
10.02
9.69
10.02
11.14
11.56
11.56
10.37
11.56
7.81
7.38
9.08
6.01
5.6
7.38
10.74
10.37
11.14
11.14
10.02
12.48
6.81
11.56
10.02
9.38
9.08
9.69
8.8
7
6.16
7.19
7.81
13.54
8.28
11.14
10.74
10.74
7
6.47
8.04
11.56
11.56
9.69
8.28
6.31
10.02
10.02
6.64
6.81
7.81
9.08
11.56
7.59
9.69
7.19
6.31
6.64
7.19
6.64
9.08
10.02
11.56
10.74
9.69
7.19
7
10.37
8.53
6.31
6.16
6.16
6.47
6.64
6.64
7.81
7.38
17.85
16.18
8.04
8.04
7.38
7.19
6.81
7.19
7.38
7.81
7.59
11.56
10.74
14.76
10.37
6.81
7.38
7
6.81
14.12
11.14
6.47
15.44
7.38
10.02
6.64
7
7
7.81
15.44
19.84
19.84
16.98
10.02
14.12
23.64
20.5
15.44
14.76
12.48
11.56
12
13.54
11.14
8.8
8.8
10.74
11.56
10.74
10.37
9.38
8.8
8.28
6.31
4.43
4.43
4.35
4.35
4.35
4.35
4.35
4.35
4.43
4.43
4.43
4.43
4.43
4.52
4.52
4.52
4.43
4.43
4.52
4.52
4.52
4.52
4.52
4.52
4.43
4.35
4.35
4.35
4.35
4.35
4.35
4.35
4.35
4.35
4.35
4.35
4.62
4.26
4.26
4.26
4.26
4.18
4.26
4.26
4.18
4.18
4.18
4.18
4.18
4.18
4.11
4.11
4.11
4.11
4.03
4.03
4.03
4.03
3.96
3.96
3.96
3.96
3.96
3.96
3.96
3.88
3.88
3.88
3.88
3.81
3.81
3.81
3.81
3.81
3.75
3.75
3.68
3.68
3.68
3.62
3.62
3.56
3.56
3.5
3.5
3.44
3.44
3.44
3.44
3.38
3.32
3.32
3.32
3.27
3.27
3.27
3.22
3.22
3.17
3.17
3.12
3.12
3.12
3.12
3.07
3.07
3.07
3.07
3.07
3.07
3.07
3.07
3.02
3.02
3.02
3.02
3.02
3.02
2.97
2.97
2.93
2.93
2.93
2.88
2.88
2.84
2.84
2.8
2.8
2.76
2.72
2.68
2.64
2.6
2.56
2.53
2.6
2.46
2.42
2.39
2.36
2.33
2.3
2.27
2.21
2.18
2.15
2.1
2.05
2.02
1.97
1.95
1.9
1.86
1.81
1.77
1.73
1.69
1.65
1.6
1.55
1.52
1.47
1.44
1.39
1.35
1.31
1.27
1.24
1.2
1.16
1.13
1.09
1.05
1
0.97
0.93
0.9
0.85
0.81
0.77
0.74
0.7
0.66
0.63
0.59
0.56
0.53
0.49
0.46
0.43
0.4
0.37
0.34
0.31
0.28
0.26
0.23
0.21
0.19
0.17
0.15
0.13
0.12
0.1
0.09
0.08
0.07
0.06
0.05
0.04
0.03
0.03
0.02
0.02
0.02
0.01
0.01
0.01
0.01
0.01
0
0
0
0
0
0
0
0
0
0
0
0
0
0
0
0
0
0
0
0
0
0
0
0
0
0
0
0
0
0
0
0
0
0
0
0
0
0
0
0
0
0
0
0
0
0
0
0
0
0
0
0
0
0
0
0
0
0
0
0
0
0
0
0
0
0
0
0
0
0
0
0
0
0
0
0
0
0
0
0
0
0
0
0
0
0
0
0
0
0
0
0
0
0
0
0
0
0
0
0
0
0
0
0
0
0
0
0
0
0
0
0
0
0
0
0
0
0
0
0
0
0
0
0
0
0
0
0
0
0
0
0
0
0
0
0
0
0
0
0
0
0
0
0
0
0
0
0
0
0
0
0
0
0
0
0
0
0
0
0
0
0
0
0
0
0
0
0
0
0
0
0
0
0
0
0
0
0
0
0
0
0
0
0
0
0
0
0
0
0
0
0
0
0
0
0
0
0
0
0
0
0
0
0
0
0
0
0
0
0
0
0
0
0
0
0
0
0
0
0
0
0
0
0
0
0
0
0
0
0
0
0
0
0
0
0
0
0
0
0
0
0
0
0
0
0
0
0
0
0
0
0
0
0
0
0
0
0
0
0
0
0
0
0
0
0
0
0
0
0
0
0
0
0
0
0
0
0
0
0
0
0
0
0
0
0
0
0
0
0
0
0
0
0
0
0
0
0
0
0
0
0
0
0
0
0
0
0
0
0
0
0
0
0
0
0
0
0
0
0
0
0
0
0
0
0
0
0
0
0
0
0
0
0
0
0
0
0
0
0
0
0
0
0
0
0
0
0
0
0
0
0
0
0
0
0
