0
0
0
0
0
0
0
0
0
0
0
0
0
0
0
0
0
0
0
0
0
0
0
0
0
0
0
0
0
0
0
0
0
0
0
0
0
0
0
0
0
0
0
0
0
0
0
0
0
0
0
0
0
0
0
0
0
0
0
0
0
0
0
0
0
0
0
0
0
0
0
0
0
0
0
0
0
0
0
0
0
0
0
0
0
0
0
0
0
0
0
0
0
0
0
0
0
0
0
0
0
0
0
0
0
0
0
0
0
0
0
0
0
0
0
0
0
0
0
0
0
0
0
0
0
0
0
0
0
0
0
0
0
0
0
0
0
0
0
0
0
0
0
0
0
0
0
0
0
0
0
0
0
0
0
0
0
0
0
0
0
0
0
0
0
0
0
0
0
0
0
0
0
0
0
0
0
0
0
0
0
0
0
0
0
0
0
0
0
0
0
0
0
0
0
0
0
0
0
0
0
0
0
0
0
0
0
0
0
0
0
0
0
0
0
0
0
0
0
0
0
0
0
0
0
0
0
0
0
0
0
0
0
0
0
0
0
0
0
0
0
0
0
0
0
0
0
0
0
0
0
0
0
0
0
0
0
0
0
0
0
0
0
0
0
0
0
0
0
0
0
0
0
0
0
0
0
0
0
0
0
0
0
0
0
0
0
0
0
0
0
0
0
0
0
0
0
0
0
0
0
0
0
0
0
0
0
0
0
0
0
0
0
0
0
0
0
0
0
0
0
0
0
0
0
0
0
0
0
0
0
0
0
0
0
0
0
0
0
0
0
0
0
0
0
0
0
0
0
0
0
0
0
0
0
0
0
0
0
0
0
0
0
0
0
0
0
0
0
0
0
0
0
0
0
0
0
0
0
0
0
0
0
0
0
0
0
0
0
0
0
0
0
0
0
0
0
0
0
0
0
0
0
0
0
0
0
0
0
0
0.01
0.01
0
0.02
0
0.01
0.01
0.01
0.01
0.01
0.01
0.01
0.01
0.01
0.01
0.01
0.02
0.02
0.03
0.03
0.04
0.06
0.07
0.06
0.08
0.1
0.09
0.11
0.13
0.14
0.15
0.16
0.18
0.21
0.24
0.27
0.28
0.3
0.32
0.35
0.37
0.4
0.43
0.46
0.49
0.52
0.55
0.59
0.63
0.67
0.71
0.74
0.77
0.82
0.87
0.91
0.96
1
1.04
1.06
1.08
1.08
1.09
1.12
1.17
1.21
1.47
1.19
1.19
1.18
1.17
1.19
1.23
1.3
1.34
1.42
1.53
1.64
1.73
1.81
1.86
1.81
1.75
1.73
1.73
1.77
1.79
1.79
1.75
1.73
1.62
1.57
1.53
1.53
1.55
1.58
1.62
1.69
1.75
1.79
1.81
1.81
1.81
1.83
1.86
1.86
1.88
1.9
1.95
2
2.02
2.07
2.1
2.12
2.1
2.1
2.12
2.15
2.21
2.21
2.24
2.24
2.24
2.27
2.3
2.33
2.39
2.42
2.42
2.46
2.49
2.53
2.49
2.49
2.46
2.46
2.46
2.49
2.53
2.53
2.56
2.64
2.64
2.64
2.56
2.53
2.53
2.53
2.64
2.8
2.88
2.88
2.88
2.93
3.07
3.22
3.38
3.56
3.75
3.81
3.81
3.68
3.62
3.68
3.81
3.81
3.81
3.88
4.03
4.11
4.03
4.26
4.43
4.52
4.26
4.03
4.26
4.62
4.71
4.81
4.81
4.71
4.62
4.43
4.26
4.11
3.96
3.88
3.81
3.96
3.88
4.03
4.11
4.11
4.18
4.18
4.11
4.11
3.96
3.81
3.96
4.11
4.18
4.18
4.03
3.96
3.96
3.96
3.96
3.81
3.68
3.56
3.5
3.5
3.62
3.68
3.75
3.81
3.75
3.81
3.81
4.18
4.35
4.26
4.52
4.62
4.26
3.68
3.62
3.62
3.68
3.68
4.18
4.35
4.26
3.81
3.96
3.68
4.81
5.02
5.24
5.36
4.52
4.35
5.02
4.71
4.11
4.03
4.18
4.26
5.02
4.62
3.88
3.75
4.43
5.12
4.71
3.96
4.62
4.52
4.71
4.18
4.11
4.11
3.22
3.32
3.88
3.68
3.81
4.52
5.02
5.02
4.81
5.02
4.81
5.12
4.81
4.52
3.44
3.22
3.81
3.75
3.44
3.81
3.75
3.07
3.02
3.07
3.56
3.68
3.81
4.43
4.18
4.71
4.35
4.62
5.02
5.02
4.52
3.88
4.03
4.43
4.81
5.24
5.02
3.96
4.18
4.52
4.71
4.81
5.73
5.73
5.87
5.87
5.36
5.6
4.81
5.02
5.48
4.81
3.56
3.32
3.38
3.81
4.11
4.11
3.75
4.18
4.91
4.81
5.02
4.71
3.56
3.12
2.8
3.22
3.88
3.75
4.11
4.52
3.32
3.02
2.8
2.76
3.12
3.27
2.64
2.8
2.64
3.07
2.88
3.22
2.97
3.02
2.97
2.93
3.12
4.18
4.81
4.35
3.81
3.44
3.12
3.88
3.88
4.43
4.26
5.12
5.36
4.03
3.68
3.81
4.52
3.88
3.75
4.03
3.88
4.62
4.81
5.87
6.81
7.38
6.64
5.36
4.18
3.75
4.43
3.75
3.68
3.88
3.44
3.88
3.38
3.22
3.44
4.03
4.35
4.62
4.35
3.96
3.62
3.22
3.32
3.68
4.43
4.11
3.12
3.17
2.97
3.07
2.68
3.02
3.22
2.97
2.64
3.02
3.27
2.84
2.84
2.6
2.72
2.33
2.27
1.92
1.83
2.36
2.46
2.46
2.64
3.22
2.84
2.84
2.42
1.86
2.02
2.42
3.02
2.6
2.27
2.36
2.24
2.42
2.33
2.72
2.53
2.3
2.36
2.97
2.6
2.72
2.8
2.68
3.02
2.76
2.76
2.42
2.42
2.24
2.46
2.46
2.24
2.1
2.36
2.49
2.68
3.27
3.68
3.17
3.32
3.17
3.44
3.68
3.75
3.44
3.12
2.93
3.22
3.32
3.22
3.02
3.44
3.22
2.56
2.84
2.56
2.64
2.42
2.53
2.18
2.12
1.88
1.95
2
1.77
1.83
2.02
1.92
2.1
1.88
1.77
1.57
1.71
1.6
1.73
1.9
1.73
1.75
1.75
1.73
2
2.12
2.02
2.02
2.05
1.81
2.07
2.21
2.1
2
1.9
2
2.24
2.39
2.3
1.95
2
1.81
1.71
1.71
1.67
1.33
1.24
1.58
1.71
1.5
1.52
1.53
1.33
1.24
1.16
1.05
1.13
1.08
1.31
1.35
1.34
1.52
1.55
1.57
1.21
1.15
1.14
1
1.03
1.01
1.13
1.11
1.3
1.39
1.48
1.83
1.71
2.24
2.18
2
1.65
1.53
1.25
1.26
1.16
1.15
1.14
1.19
1.09
1.09
1.01
0.89
0.89
0.82
0.92
0.82
0.87
0.77
0.92
0.98
0.94
0.91
0.84
0.9
0.82
0.64
0.61
0.61
0.49
0.64
0.42
0.44
0.36
0.35
0.33
0.32
0.33
0.31
0.34
0.31
0.28
0.25
0.25
0.21
0.21
0.19
0.17
0.16
0.17
0.18
0.16
0.16
0.19
0.13
0.11
0.12
0.09
0.1
0.09
0.08
0.08
0.07
0.06
0.05
0.05
0.04
0.04
0.04
0.03
0.02
0.02
0.02
0.02
0.01
0.01
0.01
0.01
0.01
0.01
0.01
0.01
0
0
0
0
0
0
0
0
0
0
0
0
0
0
0
0
0
0
0
0
0
0
0
0
0
0
0
0
0
0
0
0
0
0
0
0
0
0
0
0
0
0
0
0
0
0
0
0
0
0
0
0
0
0
0
0
0
0
0
0
0
0
0
0
0
0
0
0
0
0
0
0
0
0
0
0
0
0
0
0
0
0
0
0
0
0
0
0
0
0
0
0
0
0
0
0
0
0
0
0
0
0
0
0
0
0
0
0
0
0
0
0
0
0
0
0
0
0
0
0
0
0
0
0
0
0
0
0
0
0
0
0
0
0
0
0
0
0
0
0
0
0
0
0
0
0
0
0
0
0
0
0
0
0
0
0
0
0
0
0
0
0
0
0
0
0
0
0
0
0
0
0
0
0
0
0
0
0
0
0
0
0
0
0
0
0
0
0
0
0
0
0
0
0
0
0
0
0
0
0
0
0
0
0
0
0
0
0
0
0
0
0
0
0
0
0
0
0
0
0
0
0
0
0
0
0
0
0
0
0
0
0
0
0
0
0
0
0
0
0
0
0
0
0
0
0
0
0
0
0
0
0
0
0
0
0
0
0
0
0
0
0
0
0
0
0
0
0
0
0
0
0
0
0
0
0
0
0
0
0
0
0
0
0
0
0
0
0
0
0
0
0
0
0
0
0
0
0
0
0
0
0
0
0
0
0
0
0
0
0
0
0
0
0
0
0
0
0
0
0
0
0
0
0
0
0
0
0
0
0
0
0
0
0
0
0
0
0
0
0
0
0
0
0
0
0
0
0
0
0
0
0
0
0
0
0
0
0
0
0
0
0
0
0
0
0
0
0
0
0
0
0
0
0
0
0
0
0
0
0
0
0
0
0
