0
0
0
0
0
0
0
0
0
0
0
0
0
0
0
0
0
0
0
0
0
0
0
0
0
0
0
0
0
0
0
0
0
0
0
0
0
0
0
0
0
0
0
0
0
0
0
0
0
0
0
0
0
0
0
0
0
0
0
0
0
0
0
0
0
0
0
0
0
0
0
0
0
0
0
0
0
0
0
0
0
0
0
0
0
0
0
0
0
0
0
0
0
0
0
0
0
0
0
0
0
0
0
0
0
0
0
0
0
0
0
0
0
0
0
0
0
0
0
0
0
0
0
0
0
0
0
0
0
0
0
0
0
0
0
0
0
0
0
0
0
0
0
0
0
0
0
0
0
0
0
0
0
0
0
0
0
0
0
0
0
0
0
0
0
0
0
0
0
0
0
0
0
0
0
0
0
0
0
0
0
0
0
0
0
0
0
0
0
0
0
0
0
0
0
0
0
0
0
0
0
0
0
0
0
0
0
0
0
0
0
0
0
0
0
0
0
0
0
0
0
0
0
0
0
0
0
0
0
0
0
0
0
0
0
0
0
0
0
0
0
0
0
0
0
0
0
0
0
0
0
0
0
0
0
0
0
0
0
0
0
0
0
0
0
0
0
0
0
0
0
0
0
0
0
0
0
0
0
0
0
0
0
0
0
0
0
0
0
0
0
0
0
0
0
0
0
0
0
0
0
0
0
0
0
0
0
0
0
0
0
0
0
0
0
0
0
0
0
0
0
0
0
0
0
0
0
0
0
0
0
0
0
0
0
0
0
0
0
0
0
0
0
0
0
0
0
0
0
0
0
0
0
0
0
0
0
0
0
0
0
0
0
0
0
0
0
0
0
0
0
0
0
0
0
0
0
0
0
0
0
0
0
0
0
0
0
0
0
0
0
0
0
0
0
0
0
0
0
0
0
0
0
0
0
0
0
0
0
0
0
0
0
0
0
0
0
0
0
0
0
0
0
0
0
0
0
0
0.01
0.01
0.01
0.01
0.01
0.02
0.02
0.02
0.03
0.03
0.04
0.05
0.06
0.07
0.08
0.09
0.11
0.12
0.14
0.16
0.17
0.19
0.2
0.22
0.23
0.25
0.26
0.28
0.3
0.33
0.36
0.38
0.41
0.44
0.47
0.5
0.53
0.55
0.56
0.54
0.54
0.54
0.56
0.57
0.59
0.61
0.63
0.65
0.69
0.74
0.81
0.91
0.99
1.04
1.07
1.09
1.09
1.12
1.19
1.26
1.33
1.41
1.45
1.46
1.49
1.52
1.58
1.61
1.62
1.64
1.68
1.71
1.74
1.8
1.89
1.95
1.96
1.96
1.96
2.01
2.07
2.11
2.15
2.18
2.21
2.25
2.3
2.39
2.48
2.56
2.62
2.69
2.71
2.73
2.71
2.69
2.71
2.71
2.69
2.67
2.67
2.69
2.78
2.87
2.99
3.07
3.09
3.12
3.12
3.09
3.04
2.99
2.96
2.99
3.01
3.07
3.09
3.15
3.15
3.17
3.2
3.17
3.2
3.28
3.37
3.4
3.4
3.4
3.37
3.34
3.4
3.52
3.65
3.72
3.82
3.93
4.12
4.28
4.32
4.32
4.2
4.12
4.08
4.08
4.12
4.16
4.24
4.24
4.28
4.28
4.32
4.41
4.54
4.68
4.78
4.88
4.98
4.98
4.93
4.88
4.78
4.73
4.68
4.59
4.59
4.59
4.64
4.64
4.73
4.78
4.83
4.88
4.93
4.98
4.98
5.03
5.08
5.08
5.08
5.14
5.14
5.14
5.14
5.19
5.25
5.25
5.36
5.42
5.48
5.54
5.54
5.6
5.66
5.73
5.73
5.73
5.73
5.73
5.79
5.79
5.79
5.73
5.66
5.66
5.66
5.73
5.73
5.86
5.92
5.99
6.06
6.13
6.06
6.06
6.06
6.06
6.13
6.2
6.34
6.57
6.73
6.82
6.98
7.07
7.16
7.16
7.16
7.16
7.25
7.34
7.43
7.43
7.43
7.53
7.53
7.63
7.53
7.53
7.53
7.53
7.43
7.43
7.43
7.34
7.34
7.34
7.34
7.25
7.16
7.16
7.07
6.98
6.9
6.82
6.73
6.57
6.57
6.42
6.2
6.13
6.06
5.99
5.92
5.79
5.73
5.66
5.73
5.79
5.86
5.79
5.79
5.79
5.79
5.79
5.79
5.79
5.92
5.99
5.99
6.13
6.27
6.34
6.34
6.42
6.34
6.42
6.42
6.5
6.5
6.5
6.42
6.34
6.27
6.27
6.27
6.27
6.27
6.2
6.2
6.27
6.27
6.34
6.5
6.57
6.65
6.65
6.82
6.9
6.98
6.9
6.82
6.65
6.65
6.73
6.73
6.57
6.42
6.34
6.27
6.2
6.2
6.13
6.06
5.99
5.92
5.92
5.86
5.86
5.86
5.86
5.79
5.79
5.79
5.73
5.66
5.6
5.6
5.66
5.66
5.66
5.66
5.73
5.86
5.99
6.13
6.2
6.27
6.34
6.42
6.5
6.65
6.65
6.57
6.42
6.34
6.2
5.99
5.92
5.99
6.06
6.2
6.2
6.13
6.2
6.2
6.06
5.79
5.6
5.48
5.42
5.3
5.19
5.03
4.83
4.73
4.68
4.68
4.78
4.88
4.98
5.08
5.08
5.14
5.14
5.19
5.19
5.19
5.3
5.42
5.48
5.54
5.54
5.42
5.14
4.78
4.5
4.41
4.45
4.59
4.73
4.83
4.88
4.93
5.03
5.08
5.08
4.98
4.93
4.93
4.88
4.88
4.88
4.88
4.88
4.83
4.73
4.68
4.64
4.68
4.73
4.78
4.78
4.83
4.78
4.73
4.68
4.5
4.32
4.37
4.32
4.41
4.64
4.78
5.03
5.25
5.42
5.48
5.48
5.36
5.19
4.98
4.83
4.78
4.68
4.64
4.68
4.78
4.78
4.83
4.78
4.73
4.59
4.45
4.24
4.08
3.93
3.82
3.62
3.52
3.46
3.4
3.34
3.26
3.17
3.04
2.92
2.82
2.71
2.54
2.41
2.33
2.25
2.16
2.1
2.05
2.02
1.99
1.96
1.94
1.92
1.89
1.87
1.84
1.81
1.79
1.76
1.74
1.71
1.69
1.67
1.64
1.62
1.59
1.56
1.53
1.5
1.47
1.44
1.41
1.39
1.36
1.32
1.3
1.26
1.22
1.18
1.15
1.12
1.09
1.07
1.04
1.01
0.99
0.96
0.93
0.9
0.88
0.84
0.81
0.78
0.75
0.73
0.7
0.67
0.63
0.6
0.56
0.53
0.5
0.47
0.44
0.41
0.38
0.36
0.34
0.31
0.29
0.27
0.25
0.23
0.21
0.19
0.17
0.15
0.14
0.12
0.11
0.1
0.09
0.08
0.07
0.06
0.05
0.04
0.04
0.03
0.03
0.02
0.02
0.02
0.01
0.01
0.01
0.01
0.01
0
0
0
0
0
0
0
0
0
0
0
0
0
0
0
0
0
0
0
0
0
0
0
0
0
0
0
0
0
0
0
0
0
0
0
0
0
0
0
0
0
0
0
0
0
0
0
0
0
0
0
0
0
0
0
0
0
0
0
0
0
0
0
0
0
0
0
0
0
0
0
0
0
0
0
0
0
0
0
0
0
0
0
0
0
0
0
0
0
0
0
0
0
0
0
0
0
0
0
0
0
0
0
0
0
0
0
0
0
0
0
0
0
0
0
0
0
0
0
0
0
0
0
0
0
0
0
0
0
0
0
0
0
0
0
0
0
0
0
0
0
0
0
0
0
0
0
0
0
0
0
0
0
0
0
0
0
0
0
0
0
0
0
0
0
0
0
0
0
0
0
0
0
0
0
0
0
0
0
0
0
0
0
0
0
0
0
0
0
0
0
0
0
0
0
0
0
0
0
0
0
0
0
0
0
0
0
0
0
0
0
0
0
0
0
0
0
0
0
0
0
0
0
0
0
0
0
0
0
0
0
0
0
0
0
0
0
0
0
0
0
0
0
0
0
0
0
0
0
0
0
0
0
0
0
0
0
0
0
0
0
0
0
0
0
0
0
0
0
0
0
0
0
0
0
0
0
0
0
0
0
0
0
0
0
0
0
0
0
0
0
0
0
0
0
0
0
0
0
0
0
0
0
0
0
0
0
0
0
0
0
0
0
0
0
0
0
0
0
0
0
0
0
0
0
0
0
0
0
0
0
0
0
0
0
0
0
0
0
0
0
0
0
0
0
0
0
0
0
0
0
0
0
0
0
0
0
0
0
0
0
0
0
0
0
0
0
0
0
0
0
0
0
0
0
0
0
0
0
0
0
0
0
0
0
0
0
0
0
0
0
0
0
0
0
0
0
0
0
0
0
0
0
0
0
0
0
0
0
0
0
0
0
0
0
0
0
0
0
0
0
0
0
0
0
0
0
0
0
0
0
0
0
0
0
0
0
0
0
0
0
0
0
0
0
0
0
