0
0
0
0
0
0
0
0
0
0
0
0
0
0
0
0
0
0
0
0
0
0
0
0
0
0
0
0
0
0
0
0
0
0
0
0
0
0
0
0
0
0
0
0
0
0
0
0
0
0
0
0
0
0
0
0
0
0
0
0
0
0
0
0
0
0
0
0
0
0
0
0
0
0
0
0
0
0
0
0
0
0
0
0
0
0
0
0
0
0
0
0
0
0
0
0
0
0
0
0
0
0
0
0
0
0
0
0
0
0
0
0
0
0
0
0
0
0
0
0
0
0
0
0
0
0
0
0
0
0
0
0
0
0
0
0
0
0
0
0
0
0
0
0
0
0
0
0
0
0
0
0
0
0
0
0
0
0
0
0
0
0
0
0
0
0
0
0
0
0
0
0
0
0
0
0
0
0
0
0
0
0
0
0
0
0
0
0
0
0
0
0
0
0
0
0
0
0
0
0
0
0
0
0
0
0
0
0
0
0
0
0
0
0
0
0
0
0
0
0
0
0
0
0
0
0
0
0
0
0
0
0
0
0
0
0
0
0
0
0
0
0
0
0
0
0
0
0
0
0
0
0
0
0
0
0
0
0
0
0
0
0
0
0
0
0
0
0
0
0
0
0
0
0
0
0
0
0
0
0
0
0
0
0
0
0
0
0
0
0
0
0
0
0
0
0
0
0
0
0
0
0
0
0
0
0
0
0
0
0
0
0
0
0
0
0
0
0
0
0
0
0
0
0
0
0
0
0
0
0
0
0
0
0
0
0
0
0
0
0
0
0
0
0
0
0
0
0
0
0
0
0
0
0
0
0
0
0
0
0
0
0
0
0
0
0
0
0
0
0
0
0
0
0
0
0
0
0
0
0
0
0
0
0
0
0
0
0
0
0
0
0
0
0
0
0
0
0
0
0
0
0
0
0
0
0
0
0
0
0
0
0
0
0
0
0
0
0
0
0
0
0
0
0
0
0
0
0
0
0
0
0
0
0
0
0
0
0
0
0
0
0
0
0
0
0
0
0
0
0
0
0
0
0
0
0
0
0
0
0
0
0
0.01
0.01
0.01
0.01
0.01
0.01
0.02
0.02
0.03
0.04
0.05
0.04
0.05
0.05
0.04
0.05
0.05
0.07
0.07
0.1
0.09
0.1
0.12
0.17
0.2
0.2
0.17
0.16
0.21
0.22
0.29
0.33
0.3
0.28
0.33
0.35
0.31
0.36
0.43
0.55
0.57
0.51
0.56
0.65
0.67
0.8
0.88
0.98
1.12
1.14
1.17
1.16
1.21
1.26
1.27
1.33
1.37
1.47
1.53
1.57
1.62
1.64
1.71
1.75
1.86
1.9
1.97
2.1
2.27
2.46
2.56
2.6
2.64
2.6
2.49
2.33
2.36
2.39
2.42
2.49
2.46
2.49
2.49
2.49
2.56
2.64
2.72
2.76
2.76
2.72
2.76
2.84
3.07
3.22
3.17
3.22
3.17
3.17
3.07
2.97
2.93
2.76
2.64
2.8
3.07
3.38
3.44
3.27
3.38
3.32
2.97
2.6
2.64
2.68
2.8
3.12
3.38
3.5
3.17
2.84
3.02
3.07
2.97
2.88
3.12
3.32
3.5
3.68
3.81
3.81
4.18
4.62
5.02
5.12
5.24
5.02
4.52
4.62
4.52
4.91
5.36
5.24
5.48
5.36
5.36
5.48
5.48
5.24
5.12
4.62
4.18
3.96
3.81
4.43
4.52
4.52
4.43
4.43
4.62
4.81
4.91
4.71
4.71
4.62
4.35
3.68
3.81
4.43
5.12
5.24
5.02
5.02
4.52
4.26
4.26
4.18
3.88
3.68
3.81
3.88
4.26
3.96
4.18
5.02
5.24
5.6
5.48
5.36
4.81
4.52
4.18
3.75
3.68
3.68
4.35
4.81
5.87
6.64
8.8
9.08
7.38
6.47
7
6.47
7.38
7.19
7
7
6.47
8.8
10.02
7.59
7.19
6.64
8.28
6.47
8.53
6.47
8.04
8.04
7.59
7.81
9.69
2.68
2.49
2.07
2.39
2.21
2.3
2.21
2.3
2
1.95
2.15
1.95
2.3
2.49
2.76
2.21
2.07
1.86
2.15
2.27
2.1
2.07
2.33
2.27
2.6
2.53
2.84
2.8
2.56
2.76
2.53
2.68
2.49
2.56
2.36
2.49
2.49
2.76
2.84
2.76
3.12
2.84
2.68
2.93
2.84
2.6
2.97
2.56
2.93
2.68
2.72
2.36
2.72
2.8
2.53
2.88
2.3
2.49
2.39
2.64
2.56
2.24
2.49
2.39
1.95
1.92
1.92
2.21
2.15
1.9
2.05
1.95
2
2.24
2.24
2.02
2.1
2.21
2.56
2.21
2.33
2.33
2.24
2.49
2.46
2.05
2.12
2.53
2.33
2.18
2.05
1.67
1.9
2.24
2.15
2.18
2.6
2.07
2.12
2.33
2.1
2.3
2.53
2.56
2.1
2.27
2.24
2.02
1.38
1.37
1.37
1
0.85
0.86
0.8
0.86
0.87
1.08
1.23
1.02
1.06
1.05
1.34
1.65
1.65
1.58
1.73
1.55
1.62
1.9
1.81
1.5
1.79
1.62
1.23
1.41
1.33
1.38
1.52
1.86
2.02
1.64
1.65
1.48
4.91
4.62
4.26
3.88
3.56
4.11
3.96
4.03
3.44
3.68
3.38
4.91
5.12
3.88
5.02
4.43
6.31
4.18
4.35
3.81
3.88
3.96
4.52
3.96
3.81
3.5
3.88
4.35
5.36
4.35
5.48
6.47
4.26
5.02
5.12
5.36
5.73
5.48
5.48
5.02
5.87
5.73
5.87
6.01
5.02
6.01
4.52
4.03
4.62
5.36
4.11
3.75
3.81
3.96
4.43
4.18
3.02
3.5
3.96
4.03
3.5
4.35
4.18
3.5
3.07
2.88
2.88
2.93
2.49
2.56
3.44
2.72
3.22
2.76
3.27
3.27
3.12
3.5
3.5
3.32
3.27
2.88
2.84
2.88
2.97
2.93
2.6
3.32
3.07
2.72
2.93
2.39
2.49
2.21
2.36
2.05
1.97
1.69
2.24
2
1.62
1.92
1.81
1.44
1.69
1.53
1.44
1.48
1.31
1.53
1.57
1.75
1.3
1.24
1.19
1.18
1.29
1.2
1.16
1.11
1.19
1.11
1.09
1.06
1.01
0.93
0.95
0.81
0.74
0.74
0.8
0.72
0.66
0.61
0.52
0.53
0.49
0.66
0.56
0.51
0.49
0.48
0.43
0.38
0.35
0.43
0.38
0.31
0.28
0.23
0.18
0.21
0.17
0.15
0.13
0.1
0.11
0.1
0.08
0.07
0.06
0.05
0.04
0.03
0.03
0.03
0.02
0.02
0.02
0.01
0.01
0.01
0.01
0.01
0.01
0
0
0
0
0
0
0
0
0
0
0
0
0
0
0
0
0
0
0
0
0
0
0
0
0
0
0
0
0
0
0
0
0
0
0
0
0
0
0
0
0
0
0
0
0
0
0
0
0
0
0
0
0
0
0
0
0
0
0
0
0
0
0
0
0
0
0
0
0
0
0
0
0
0
0
0
0
0
0
0
0
0
0
0
0
0
0
0
0
0
0
0
0
0
0
0
0
0
0
0
0
0
0
0
0
0
0
0
0
0
0
0
0
0
0
0
0
0
0
0
0
0
0
0
0
0
0
0
0
0
0
0
0
0
0
0
0
0
0
0
0
0
0
0
0
0
0
0
0
0
0
0
0
0
0
0
0
0
0
0
0
0
0
0
0
0
0
0
0
0
0
0
0
0
0
0
0
0
0
0
0
0
0
0
0
0
0
0
0
0
0
0
0
0
0
0
0
0
0
0
0
0
0
0
0
0
0
0
0
0
0
0
0
0
0
0
0
0
0
0
0
0
0
0
0
0
0
0
0
0
0
0
0
0
0
0
0
0
0
0
0
0
0
0
0
0
0
0
0
0
0
0
0
0
0
0
0
0
0
0
0
0
0
0
0
0
0
0
0
0
0
0
0
0
0
0
0
0
0
0
0
0
0
0
0
0
0
0
0
0
0
0
0
0
0
0
0
0
0
0
0
0
0
0
0
0
0
0
0
0
0
0
0
0
0
0
0
0
0
0
0
0
0
0
0
0
0
0
0
0
0
0
0
0
0
0
0
0
0
0
0
0
0
0
0
0
0
0
0
0
0
0
0
0
0
0
0
0
0
0
0
0
0
0
0
0
0
0
0
0
0
0
0
0
0
0
0
0
0
0
0
0
0
0
0
0
0
0
0
0
0
0
0
0
0
0
0
0
0
0
0
0
0
0
0
0
0
0
0
0
0
0
0
0
0
0
0
0
0
0
0
0
0
0
0
0
0
0
0
0
0
0
0
0
0
0
