0
0
0
0
0
0
0
0
0
0
0
0
0
0
0
0
0
0
0
0
0
0
0
0
0
0
0
0
0
0
0
0
0
0
0
0
0
0
0
0
0
0
0
0
0
0
0
0
0
0
0
0
0
0
0
0
0
0
0
0
0
0
0
0
0
0
0
0
0
0
0
0
0
0
0
0
0
0
0
0
0
0
0
0
0
0
0
0
0
0
0
0
0
0
0
0
0
0
0
0
0
0
0
0
0
0
0
0
0
0
0
0
0
0
0
0
0
0
0
0
0
0
0
0
0
0
0
0
0
0
0
0
0
0
0
0
0
0
0
0
0
0
0
0
0
0
0
0
0
0
0
0
0
0
0
0
0
0
0
0
0
0
0
0
0
0
0
0
0
0
0
0
0
0
0
0
0
0
0
0
0
0
0
0
0
0
0
0
0
0
0
0
0
0
0
0
0
0
0
0
0
0
0
0
0
0
0
0
0
0
0
0
0
0
0
0
0
0
0
0
0
0
0
0
0
0
0
0
0
0
0
0
0
0
0
0
0
0
0
0
0
0
0
0
0
0
0
0
0
0
0
0
0
0
0
0
0
0
0
0
0
0
0
0
0
0
0
0
0
0
0
0
0
0
0
0
0
0
0
0
0
0
0
0
0
0
0
0
0
0
0
0
0
0
0
0
0
0
0
0
0
0
0
0
0
0
0
0
0
0
0
0
0
0
0
0
0
0
0
0
0
0
0
0
0
0
0
0
0
0
0
0
0
0
0
0
0
0
0
0
0
0
0
0
0
0
0
0
0
0
0
0
0
0
0
0
0
0
0
0
0
0
0
0
0
0
0
0
0
0
0
0
0
0
0
0
0
0
0
0
0
0
0
0
0
0
0
0
0
0
0
0
0
0
0
0
0
0
0
0
0
0
0
0
0
0
0
0
0
0
0
0
0
0
0
0
0
0
0
0
0
0
0
0
0
0
0
0
0
0
0
0
0
0
0
0
0
0
0
0
0
0
0
0
0
0
0
0
0
0
0
0
0
0
0
0
0
0.01
0.01
0.01
0.01
0.01
0.02
0.02
0.03
0.03
0.04
0.04
0.05
0.05
0.06
0.07
0.08
0.09
0.1
0.11
0.12
0.14
0.16
0.18
0.21
0.23
0.25
0.28
0.3
0.33
0.35
0.38
0.4
0.42
0.43
0.43
0.43
0.43
0.41
0.39
0.37
0.37
0.39
0.41
0.43
0.48
0.54
0.61
0.67
0.73
0.77
0.8
0.82
0.85
0.87
0.9
0.93
0.96
1
1.04
1.09
1.13
1.15
1.18
1.21
1.27
1.31
1.37
1.39
1.41
1.42
1.52
1.57
1.67
1.73
1.77
1.55
1.3
1.21
1.16
1.26
1.18
1.16
1.37
1.48
1.55
1.92
2.1
2.27
2.53
2.53
2.64
2.97
3.02
2.72
2.8
3.22
3.81
4.35
4.91
5.12
5.24
5.36
5.48
5.12
4.62
4.52
4.18
4.11
4.26
4.43
4.71
4.81
4.71
4.35
3.81
3.44
3.32
3.44
5.6
5.87
8.04
9.38
9.69
10.02
10.02
10.37
10.37
10.74
10.74
10.74
10.74
11.14
11.14
11.56
12
12.48
12.99
13.54
13.54
13.54
10.37
7.19
5.87
5.36
6.31
8.04
8.53
8.04
7.19
7.38
8.53
6.16
7.19
15.44
15.44
16.18
16.18
16.18
16.18
16.18
16.98
16.98
16.98
16.98
16.98
16.98
17.85
16.98
17.85
17.85
18.8
18.8
19.84
18.8
18.8
19.84
19.84
19.84
19.84
19.84
19.84
20.98
19.84
19.84
19.84
22.24
22.24
16.18
22.24
22.24
23.64
22.24
23.64
23.64
23.64
23.64
26.94
25.2
28.9
23.64
36.58
39.96
25.2
16.18
9.69
12
26.94
19.84
28.9
28.9
19.84
28.9
25.2
28.9
28.9
28.9
31.13
31.13
28.9
28.9
31.13
10.37
31.13
33.66
7.38
31.13
31.13
31.13
33.66
22.24
33.66
33.66
33.66
31.13
19.84
10.02
8.28
7.81
6.64
6.47
6.64
6.64
6.64
6.16
6.64
6.81
7
10.74
11.56
10.02
9.38
7.59
7.38
7.81
8.8
10.02
9.69
9.69
9.38
9.69
9.38
9.08
9.38
9.69
9.69
8.8
8.28
17.85
16.98
15.44
12.99
14.76
12.48
10.37
12
16.18
14.12
15.44
17.85
15.44
16.18
26.94
31.13
23.64
15.44
16.98
16.98
16.98
16.98
16.98
18.8
19.84
19.84
20.98
20.98
20.98
20.98
20.98
20.98
19.84
22.24
22.24
22.24
20.98
20.98
19.84
22.24
22.24
17.85
18.8
19.84
19.84
22.24
22.24
22.24
17.85
12.48
11.14
10.74
11.56
12
11.56
13.54
12
10.74
12
15.44
16.98
14.12
10.74
12.99
15.44
14.12
8.8
9.08
9.08
9.38
8.8
8.8
10.37
11.56
11.56
10.37
10.74
10.74
14.76
10.37
22.24
10.02
10.02
39.96
17.85
95.11
48.63
69.8
48.63
17.85
22.24
39.96
80.76
95.11
19.84
12
11.14
18.8
10.74
10.02
12
12.48
11.14
10.74
12
13.54
13.54
11.14
10.74
14.12
16.98
17.85
16.98
10.02
7.81
7
6.64
7
6.64
6.64
8.04
10.37
13.54
16.98
17.85
14.12
12.48
11.14
9.08
8.04
7.38
7.59
7.38
6.31
6.31
7
7.38
7.38
8.04
8.28
7.81
6.81
6.01
4.91
4.26
4.43
4.91
5.48
6.31
6.64
6.01
6.16
7.59
9.38
11.14
10.74
10.74
9.69
7.81
7.59
7.81
7.19
6.47
5.6
5.36
4.91
4.52
5.24
7.38
9.38
8.28
6.64
6.16
6.01
6.01
5.6
5.87
5.36
4.62
4.43
4.81
5.48
5.87
5.48
5.24
5.02
4.81
4.43
3.96
3.62
3.32
3.22
3.07
2.93
2.8
2.76
2.76
2.72
2.64
2.6
2.53
2.49
2.49
2.46
2.46
2.42
2.39
2.39
2.39
2.39
2.39
2.33
2.24
2.15
2.1
2.12
2.15
2.24
2.3
2.3
2.21
2.1
1.95
1.79
1.64
1.5
1.41
1.35
1.3
1.25
1.19
1.12
1.05
0.97
0.9
0.83
0.78
0.73
0.68
0.65
0.61
0.57
0.53
0.49
0.45
0.42
0.39
0.36
0.33
0.3
0.27
0.25
0.22
0.2
0.17
0.15
0.14
0.12
0.1
0.09
0.08
0.07
0.06
0.05
0.04
0.03
0.03
0.02
0.02
0.01
0.01
0.01
0.01
0.01
0
0
0
0
0
0
0
0
0
0
0
0
0
0
0
0
0
0
0
0
0
0
0
0
0
0
0
0
0
0
0
0
0
0
0
0
0
0
0
0
0
0
0
0
0
0
0
0
0
0
0
0
0
0
0
0
0
0
0
0
0
0
0
0
0
0
0
0
0
0
0
0
0
0
0
0
0
0
0
0
0
0
0
0
0
0
0
0
0
0
0
0
0
0
0
0
0
0
0
0
0
0
0
0
0
0
0
0
0
0
0
0
0
0
0
0
0
0
0
0
0
0
0
0
0
0
0
0
0
0
0
0
0
0
0
0
0
0
0
0
0
0
0
0
0
0
0
0
0
0
0
0
0
0
0
0
0
0
0
0
0
0
0
0
0
0
0
0
0
0
0
0
0
0
0
0
0
0
0
0
0
0
0
0
0
0
0
0
0
0
0
0
0
0
0
0
0
0
0
0
0
0
0
0
0
0
0
0
0
0
0
0
0
0
0
0
0
0
0
0
0
0
0
0
0
0
0
0
0
0
0
0
0
0
0
0
0
0
0
0
0
0
0
0
0
0
0
0
0
0
0
0
0
0
0
0
0
0
0
0
0
0
0
0
0
0
0
0
0
0
0
0
0
0
0
0
0
0
0
0
0
0
0
0
0
0
0
0
0
0
0
0
0
0
0
0
0
0
0
0
0
0
0
0
0
0
0
0
0
0
0
0
0
0
0
0
0
0
0
0
0
0
0
0
0
0
0
0
0
0
0
0
0
0
0
0
0
0
0
0
0
0
0
0
0
0
0
0
0
0
0
0
0
0
0
0
0
0
0
0
0
0
0
0
0
0
0
0
0
0
0
0
0
0
0
0
0
0
0
0
0
0
0
0
0
0
0
0
0
0
0
0
0
0
0
0
0
0
0
0
0
0
0
0
0
0
0
0
0
0
0
0
0
0
0
0
0
0
0
0
0
0
0
0
0
0
0
0
0
0
0
0
0
0
0
0
0
0
0
0
0
0
