0
0
0
0
0
0
0
0
0
0
0
0
0
0
0
0
0
0
0
0
0
0
0
0
0
0
0
0
0
0
0
0
0
0
0
0
0
0
0
0
0
0
0
0
0
0
0
0
0
0
0
0
0
0
0
0
0
0
0
0
0
0
0
0
0
0
0
0
0
0
0
0
0
0
0
0
0
0
0
0
0
0
0
0
0
0
0
0
0
0
0
0
0
0
0
0
0
0
0
0
0
0
0
0
0
0
0
0
0
0
0
0
0
0
0
0
0
0
0
0
0
0
0
0
0
0
0
0
0
0
0
0
0
0
0
0
0
0
0
0
0
0
0
0
0
0
0
0
0
0
0
0
0
0
0
0
0
0
0
0
0
0
0
0
0
0
0
0
0
0
0
0
0
0
0
0
0
0
0
0
0
0
0
0
0
0
0
0
0
0
0
0
0
0
0
0
0
0
0
0
0
0
0
0
0
0
0
0
0
0
0
0
0
0
0
0
0
0
0
0
0
0
0
0
0
0
0
0
0
0
0
0
0
0
0
0
0
0
0
0
0
0
0
0
0
0
0
0
0
0
0
0
0
0
0
0
0
0
0
0
0
0
0
0
0
0
0
0
0
0
0
0
0
0
0
0
0
0
0
0
0
0
0
0
0
0
0
0
0
0
0
0
0
0
0
0
0
0
0
0
0
0
0
0
0
0
0
0
0
0
0
0
0
0
0
0
0
0
0
0
0
0
0
0
0
0
0
0
0
0
0
0
0
0
0
0
0
0
0
0
0
0
0
0
0
0
0
0
0
0
0
0
0
0
0
0
0
0
0
0
0
0
0
0
0
0
0
0
0
0
0
0
0
0
0
0
0
0
0
0
0
0
0
0
0
0
0
0
0
0
0
0
0
0
0
0
0
0
0
0
0
0
0
0
0
0
0
0
0
0
0
0
0
0
0
0
0
0
0
0
0
0
0
0
0
0
0
0
0
0
0
0
0
0
0
0
0
0
0
0
0
0
0
0
0
0
0
0
0
0
0
0
0
0
0
0
0
0
0
0
0
0
0
0
0
0.01
0.01
0.01
0.01
0.01
0.01
0.01
0.02
0.02
0.02
0.02
0.03
0.03
0.03
0.04
0.04
0.04
0.05
0.04
0.05
0.06
0.07
0.07
0.08
0.08
0.08
0.09
0.09
0.1
0.11
0.11
0.12
0.12
0.13
0.14
0.15
0.16
0.17
0.17
0.18
0.19
0.21
0.23
0.26
0.29
0.3
0.33
0.36
0.37
0.38
0.4
0.41
0.42
0.43
0.45
0.45
0.46
0.46
0.43
0.43
0.47
0.5
0.52
0.54
0.55
0.58
0.57
0.55
0.56
0.54
0.56
0.61
0.62
0.62
0.63
0.62
0.61
0.67
0.72
0.78
0.82
0.84
0.82
0.77
0.77
0.83
0.93
0.97
1.03
1.02
1.03
1.14
1.19
1.2
1.3
1.31
1.29
1.23
1.25
1.27
1.29
1.26
1.23
1.21
1.19
1.35
1.53
1.34
1.3
1.29
1.3
1.31
1.3
1.26
1.29
1.33
1.31
1.3
1.34
1.41
1.45
1.47
1.47
1.5
1.47
1.38
1.35
1.38
1.37
1.45
1.55
1.5
1.47
1.55
1.53
1.53
1.65
1.71
1.81
1.83
1.79
1.69
1.6
1.6
1.57
1.57
1.67
1.65
1.64
1.75
1.75
1.88
1.9
1.75
1.75
1.86
2.02
2.24
2.33
2.33
2.36
2.42
2.49
2.56
2.68
2.64
2.64
2.6
2.6
2.6
2.56
2.6
2.56
2.53
2.42
2.46
2.49
2.46
2.56
2.56
2.42
2.33
2.27
2.36
2.42
2.39
2.36
2.39
2.46
2.46
2.39
2.42
2.42
2.33
2.15
2.1
2.02
1.95
1.9
1.83
1.83
1.79
1.75
1.71
1.73
1.75
1.73
1.75
1.75
1.79
1.81
1.88
1.9
1.95
2.02
1.97
1.9
1.88
1.95
1.83
1.77
1.95
1.95
2.05
2.18
2.27
2.36
2.53
2.76
3.07
3.27
3.68
4.11
4.26
4.03
3.75
3.56
3.32
3.22
3.32
3.32
3.17
3.22
3.22
3.07
2.93
2.97
3.02
3.02
3.02
3.17
3.22
3.22
3.27
3.27
3.32
3.5
3.44
3.32
3.27
3.32
3.44
3.38
3.32
3.5
3.62
3.5
3.38
3.27
3.17
3.17
3.32
3.27
3.07
3.07
3.22
3.62
4.26
4.18
4.18
4.11
3.96
4.43
5.12
5.12
5.36
5.73
5.6
5.24
5.48
5.6
5.24
4.71
4.81
4.26
3.96
4.03
4.35
4.71
5.02
4.91
4.71
4.81
4.81
4.71
4.71
4.62
4.26
4.43
4.43
4.62
4.18
3.68
4.11
4.11
3.75
3.68
3.68
3.56
3.44
3.44
3.75
3.88
3.56
3.32
2.97
2.68
2.76
3.17
3.32
3.56
3.12
2.68
3.27
3.96
3.88
4.03
4.11
3.75
3.75
3.81
3.44
3.5
2.97
3.38
3.56
3.81
3.81
3.38
3.38
3.27
3.56
3.62
3.68
3.56
3.62
3.75
3.62
3.56
3.5
3.5
3.44
3.56
3.81
3.5
3.62
3.62
4.11
5.02
5.24
5.36
5.6
5.24
5.12
5.12
5.12
4.71
5.12
5.24
5.12
4.91
4.91
5.12
5.24
4.71
4.52
4.43
4.71
5.02
5.12
5.36
5.24
5.36
5.24
5.12
4.62
4.62
4.91
4.81
4.71
4.71
4.91
4.91
4.81
4.81
4.81
4.81
4.52
4.11
3.81
3.62
3.27
3.12
2.93
2.8
2.97
3.07
2.84
2.42
2.15
2.21
2.15
2.1
2.12
2.3
2.46
2.21
2.12
2.07
1.79
1.62
1.5
1.37
1.21
1.13
1.04
1.02
0.93
1.06
0.89
0.81
0.77
0.7
0.63
0.67
0.96
1.14
1.1
0.94
0.84
0.91
1.11
0.84
0.87
0.89
0.83
0.76
0.82
0.85
0.84
0.78
0.71
0.6
0.63
0.8
1.08
1.25
1.29
1.19
1.18
1.19
1.03
0.96
0.96
1.04
0.97
0.77
0.74
0.72
0.71
0.81
0.79
0.73
0.63
0.61
0.55
0.56
0.5
0.5
0.49
0.44
0.38
0.34
0.3
0.27
0.25
0.27
0.26
0.22
0.19
0.16
0.16
0.14
0.12
0.11
0.09
0.07
0.07
0.07
0.07
0.05
0.05
0.04
0.04
0.03
0.04
0.04
0.03
0.02
0.02
0.02
0.02
0.01
0.01
0.01
0.01
0.01
0.01
0
0
0
0
0
0
0
0
0
0
0
0
0
0
0
0
0
0
0
0
0
0
0
0
0
0
0
0
0
0
0
0
0
0
0
0
0
0
0
0
0
0
0
0
0
0
0
0
0
0
0
0
0
0
0
0
0
0
0
0
0
0
0
0
0
0
0
0
0
0
0
0
0
0
0
0
0
0
0
0
0
0
0
0
0
0
0
0
0
0
0
0
0
0
0
0
0
0
0
0
0
0
0
0
0
0
0
0
0
0
0
0
0
0
0
0
0
0
0
0
0
0
0
0
0
0
0
0
0
0
0
0
0
0
0
0
0
0
0
0
0
0
0
0
0
0
0
0
0
0
0
0
0
0
0
0
0
0
0
0
0
0
0
0
0
0
0
0
0
0
0
0
0
0
0
0
0
0
0
0
0
0
0
0
0
0
0
0
0
0
0
0
0
0
0
0
0
0
0
0
0
0
0
0
0
0
0
0
0
0
0
0
0
0
0
0
0
0
0
0
0
0
0
0
0
0
0
0
0
0
0
0
0
0
0
0
0
0
0
0
0
0
0
0
0
0
0
0
0
0
0
0
0
0
0
0
0
0
0
0
0
0
0
0
0
0
0
0
0
0
0
0
0
0
0
0
0
0
0
0
0
0
0
0
0
0
0
0
0
0
0
0
0
0
0
0
0
0
0
0
0
0
0
0
0
0
0
0
0
0
0
0
0
0
0
0
0
0
0
0
0
0
0
0
0
0
0
0
0
0
0
0
0
0
0
0
0
0
0
0
0
0
0
0
0
0
0
0
0
0
0
0
0
0
0
0
0
0
0
0
0
0
0
0
0
0
0
0
0
0
0
0
0
0
0
0
0
0
0
0
0
0
0
0
0
0
0
0
0
0
0
0
0
0
0
0
0
0
0
0
0
0
0
0
0
0
0
0
0
0
0
0
0
0
0
0
0
0
0
0
0
0
0
0
0
0
0
0
0
0
0
0
0
0
0
0
0
0
0
0
0
0
0
0
0
0
0
