0
0
0
0
0
0
0
0
0
0
0
0
0
0
0
0
0
0
0
0
0
0
0
0
0
0
0
0
0
0
0
0
0
0
0
0
0
0
0
0
0
0
0
0
0
0
0
0
0
0
0
0
0
0
0
0
0
0
0
0
0
0
0
0
0
0
0
0
0
0
0
0
0
0
0
0
0
0
0
0
0
0
0
0
0
0
0
0
0
0
0
0
0
0
0
0
0
0
0
0
0
0
0
0
0
0
0
0
0
0
0
0
0
0
0
0
0
0
0
0
0
0
0
0
0
0
0
0
0
0
0
0
0
0
0
0
0
0
0
0
0
0
0
0
0
0
0
0
0
0
0
0
0
0
0
0
0
0
0
0
0
0
0
0
0
0
0
0
0
0
0
0
0
0
0
0
0
0
0
0
0
0
0
0
0
0
0
0
0
0
0
0
0
0
0
0
0
0
0
0
0
0
0
0
0
0
0
0
0
0
0
0
0
0
0
0
0
0
0
0
0
0
0
0
0
0
0
0
0
0
0
0
0
0
0
0
0
0
0
0
0
0
0
0
0
0
0
0
0
0
0
0
0
0
0
0
0
0
0
0
0
0
0
0
0
0
0
0
0
0
0
0
0
0
0
0
0
0
0
0
0
0
0
0
0
0
0
0
0
0
0
0
0
0
0
0
0
0
0
0
0
0
0
0
0
0
0
0
0
0
0
0
0
0
0
0
0
0
0
0
0
0
0
0
0
0
0
0
0
0
0
0
0
0
0
0
0
0
0
0
0
0
0
0
0
0
0
0
0
0
0
0
0
0
0
0
0
0
0
0
0
0
0
0
0
0
0
0
0
0
0
0
0
0
0
0
0
0
0
0
0
0
0
0
0
0
0
0
0
0
0
0
0
0
0
0
0
0
0
0
0
0
0
0
0
0
0
0
0
0
0
0
0
0
0
0
0
0
0
0
0
0
0
0
0
0
0
0
0
0
0
0
0
0
0
0
0
0
0
0
0
0
0
0
0
0
0
0
0
0
0
0
0
0
0
0.01
0.01
0.01
0.01
0.01
0.01
0.01
0.02
0.02
0.02
0.03
0.03
0.04
0.05
0.06
0.07
0.08
0.09
0.11
0.12
0.13
0.14
0.15
0.17
0.19
0.22
0.24
0.26
0.28
0.3
0.32
0.35
0.38
0.4
0.43
0.46
0.49
0.53
0.58
0.62
0.66
0.7
0.73
0.75
0.79
0.82
0.87
0.92
0.98
1.06
1.18
1.33
1.48
1.62
1.71
1.79
1.81
1.75
1.62
1.52
1.47
1.48
1.55
1.64
1.69
1.77
1.88
2
2.1
2.21
2.27
2.27
2.27
2.21
2.15
2.15
2.24
2.27
2.3
2.33
2.33
2.3
2.18
2.18
2.21
2.27
2.33
2.36
2.42
2.56
2.68
2.68
2.6
2.68
2.76
2.68
2.72
2.8
2.76
2.84
2.93
2.88
3.07
3.17
2.84
2.84
2.84
2.93
3.02
3.07
3.02
3.07
3.5
3.44
3.22
2.97
3.56
3.56
3.44
3.12
3.38
3.68
3.68
3.44
3.32
2.93
2.88
2.8
2.93
3.17
2.84
2.84
2.97
2.97
2.88
3.02
3.17
3.44
3.32
3.44
3.5
3.68
3.96
3.75
3.68
3.5
3.68
4.03
3.75
3.32
2.93
2.72
2.72
2.84
3.07
3.27
3.62
3.96
4.35
4.26
4.18
4.03
4.03
4.11
3.88
3.62
3.5
3.5
3.56
3.5
3.68
3.32
4.11
3.5
4.62
3.75
3.5
3.88
3.22
3.17
3.12
3.07
3.02
3.07
3.12
2.88
2.64
2.6
2.56
2.6
2.8
2.93
3.07
3.07
3.12
3.22
3.32
3.56
3.68
3.68
3.68
3.68
3.68
3.56
3.38
3.22
3.27
3.38
3.56
3.62
3.75
3.68
3.56
3.56
3.62
3.62
3.56
3.44
3.44
3.44
3.32
3.12
3.02
2.97
2.93
3.12
3.5
3.81
3.81
3.62
3.32
3.27
3.44
3.75
4.18
4.43
4.35
4.26
4.35
4.52
4.62
4.62
4.71
4.62
4.71
4.81
4.91
4.91
4.91
4.91
4.81
5.02
5.12
4.91
4.71
4.43
4.26
4.18
4.18
4.18
4.26
4.35
4.35
4.43
4.52
5.02
4.71
4.62
4.52
4.52
4.52
4.71
4.91
4.71
4.62
4.62
4.62
4.52
4.62
4.71
4.91
4.91
4.35
4.18
4.11
4.43
4.62
4.52
4.52
4.43
4.71
4.62
4.43
4.18
4.26
4.26
4.35
4.43
4.52
4.43
4.26
4.11
4.18
4.35
4.43
4.18
3.81
3.62
3.62
3.75
4.03
4.26
4.43
4.43
4.35
4.26
4.03
3.75
3.62
3.5
3.38
3.32
3.32
3.22
3.22
3.17
3.07
2.97
2.93
2.93
3.02
3.02
3.02
3.12
3.12
2.97
2.88
2.76
2.72
2.68
2.72
2.72
2.68
2.6
2.53
2.6
2.72
2.88
3.02
3.12
3.22
3.32
3.32
3.17
3.12
3.22
3.12
2.97
3.02
3.07
3.07
3.02
2.97
2.97
3.02
3.12
3.17
3.07
2.84
2.68
2.68
2.8
2.88
2.8
2.8
3.02
3.38
3.62
3.81
3.88
3.81
3.81
3.81
3.96
4.18
4.26
4.26
4.18
3.88
3.56
3.62
3.81
4.11
4.26
4.35
4.52
4.62
4.52
4.52
4.43
4.35
4.43
4.26
4.43
4.43
4.11
3.88
3.75
3.68
3.62
3.56
3.56
3.62
3.62
3.62
3.62
3.62
3.62
3.56
3.38
3.22
3.22
3.17
3.12
3.07
3.07
3.02
3.02
3.02
3.07
3.12
3.17
3.22
3.22
3.22
3.22
3.27
3.32
3.32
3.38
3.38
3.38
3.27
3.17
3.07
2.88
2.84
2.84
2.88
2.8
2.68
2.6
2.49
2.3
2.12
1.95
1.81
1.81
1.86
1.83
1.81
1.77
1.75
1.64
1.58
1.48
1.35
1.3
1.21
1.26
1.35
1.39
1.34
1.31
1.26
1.21
1.29
1.23
1.17
1.12
1.04
1.02
1.05
1.09
1.12
1.1
1.05
0.98
0.96
0.95
0.9
0.84
0.85
0.83
0.79
0.78
0.77
0.74
0.71
0.69
0.66
0.61
0.57
0.54
0.51
0.49
0.46
0.43
0.4
0.37
0.33
0.31
0.28
0.25
0.22
0.2
0.19
0.17
0.16
0.14
0.12
0.11
0.11
0.1
0.09
0.08
0.07
0.06
0.06
0.05
0.04
0.04
0.03
0.03
0.03
0.02
0.02
0.02
0.02
0.01
0.01
0.01
0.01
0.01
0.01
0
0
0
0
0
0
0
0
0
0
0
0
0
0
0
0
0
0
0
0
0
0
0
0
0
0
0
0
0
0
0
0
0
0
0
0
0
0
0
0
0
0
0
0
0
0
0
0
0
0
0
0
0
0
0
0
0
0
0
0
0
0
0
0
0
0
0
0
0
0
0
0
0
0
0
0
0
0
0
0
0
0
0
0
0
0
0
0
0
0
0
0
0
0
0
0
0
0
0
0
0
0
0
0
0
0
0
0
0
0
0
0
0
0
0
0
0
0
0
0
0
0
0
0
0
0
0
0
0
0
0
0
0
0
0
0
0
0
0
0
0
0
0
0
0
0
0
0
0
0
0
0
0
0
0
0
0
0
0
0
0
0
0
0
0
0
0
0
0
0
0
0
0
0
0
0
0
0
0
0
0
0
0
0
0
0
0
0
0
0
0
0
0
0
0
0
0
0
0
0
0
0
0
0
0
0
0
0
0
0
0
0
0
0
0
0
0
0
0
0
0
0
0
0
0
0
0
0
0
0
0
0
0
0
0
0
0
0
0
0
0
0
0
0
0
0
0
0
0
0
0
0
0
0
0
0
0
0
0
0
0
0
0
0
0
0
0
0
0
0
0
0
0
0
0
0
0
0
0
0
0
0
0
0
0
0
0
0
0
0
0
0
0
0
0
0
0
0
0
0
0
0
0
0
0
0
0
0
0
0
0
0
0
0
0
0
0
0
0
0
0
0
0
0
0
0
0
0
0
0
0
0
0
0
0
0
0
0
0
0
0
0
0
0
0
0
0
0
0
0
0
0
0
0
0
0
0
0
0
0
0
0
0
0
0
0
0
0
0
0
0
0
0
0
0
0
0
0
0
0
0
0
0
0
0
0
0
0
0
0
0
0
0
0
0
0
0
0
0
0
0
0
0
0
0
0
0
0
0
0
0
0
0
0
0
0
0
0
0
0
0
0
0
0
0
0
0
0
0
0
0
0
0
0
0
0
0
0
0
0
