0
0
0
0
0
0
0
0
0
0
0
0
0
0
0
0
0
0
0
0
0
0
0
0
0
0
0
0
0
0
0
0
0
0
0
0
0
0
0
0
0
0
0
0
0
0
0
0
0
0
0
0
0
0
0
0
0
0
0
0
0
0
0
0
0
0
0
0
0
0
0
0
0
0
0
0
0
0
0
0
0
0
0
0
0
0
0
0
0
0
0
0
0
0
0
0
0
0
0
0
0
0
0
0
0
0
0
0
0
0
0
0
0
0
0
0
0
0
0
0
0
0
0
0
0
0
0
0
0
0
0
0
0
0
0
0
0
0
0
0
0
0
0
0
0
0
0
0
0
0
0
0
0
0
0
0
0
0
0
0
0
0
0
0
0
0
0
0
0
0
0
0
0
0
0
0
0
0
0
0
0
0
0
0
0
0
0
0
0
0
0
0
0
0
0
0
0
0
0
0
0
0
0
0
0
0
0
0
0
0
0
0
0
0
0
0
0
0
0
0
0
0
0
0
0
0
0
0
0
0
0
0
0
0
0
0
0
0
0
0
0
0
0
0
0
0
0
0
0
0
0
0
0
0
0
0
0
0
0
0
0
0
0
0
0
0
0
0
0
0
0
0
0
0
0
0
0
0
0
0
0
0
0
0
0
0
0
0
0
0
0
0
0
0
0
0
0
0
0
0
0
0
0
0
0
0
0
0
0
0
0
0
0
0
0
0
0
0
0
0
0
0
0
0
0
0
0
0
0
0
0
0
0
0
0
0
0
0
0
0
0
0
0
0
0
0
0
0
0
0
0
0
0
0
0
0
0
0
0
0
0
0
0
0
0
0
0
0
0
0
0
0
0
0
0
0
0
0
0
0
0
0
0
0
0
0
0
0
0
0
0
0
0
0
0
0
0
0
0
0
0
0
0
0
0
0
0
0
0
0
0
0
0
0
0
0
0
0
0
0
0
0
0
0
0
0
0
0
0
0
0
0
0
0
0
0
0
0
0
0
0
0
0
0
0
0
0
0
0
0
0
0
0
0.01
0.01
0.01
0.01
0.01
0.01
0.01
0.02
0.02
0.02
0.02
0.03
0.03
0.04
0.04
0.05
0.06
0.07
0.07
0.09
0.09
0.1
0.11
0.12
0.13
0.13
0.14
0.15
0.16
0.17
0.19
0.21
0.22
0.23
0.25
0.27
0.28
0.29
0.31
0.33
0.35
0.38
0.4
0.4
0.4
0.4
0.43
0.43
0.45
0.44
0.45
0.45
0.47
0.54
0.53
0.6
0.63
0.66
0.67
0.67
0.73
0.73
0.73
0.74
0.77
0.81
0.89
0.98
1
1
1.03
1.05
1.11
1.16
1.09
1.09
1.11
1.11
1.13
1.23
1.21
1.26
1.34
1.41
1.42
1.48
1.53
1.58
1.52
1.48
1.52
1.58
1.62
1.65
1.79
2.02
1.92
2.18
2.18
2.18
2.6
3.22
3.27
3.27
3.75
4.26
3.81
3.81
4.26
4.43
4.91
4.71
4.35
4.35
4.11
3.81
3.75
3.81
3.88
4.18
3.81
3.44
3.27
3.5
4.03
4.62
4.81
4.43
4.11
3.88
3.5
3.38
3.5
3.68
3.81
4.11
4.35
4.43
4.35
4.43
4.43
4.26
4.43
4.62
5.02
4.81
4.71
4.81
4.71
4.52
4.43
3.88
3.68
3.68
3.81
4.18
5.12
6.01
6.01
5.6
6.47
6.64
6.01
4.91
4.43
3.81
3.62
3.56
3.38
3.17
3.17
3.12
3.02
3.12
3.22
3.27
3.32
3.38
3.22
3.17
3.02
2.88
2.76
2.72
2.8
2.76
2.72
2.6
2.6
2.68
2.84
2.97
3.17
3.07
3.07
2.93
2.93
3.02
2.88
2.8
2.88
3.12
3.38
3.68
3.75
3.81
4.18
4.81
5.48
5.6
5.48
5.36
5.48
5.48
5.73
5.6
5.48
5.87
6.01
6.47
6.81
7
7.38
8.28
9.69
10.02
9.38
9.38
10.02
10.74
12.48
12.48
12
10.74
10.02
8.28
7.19
7.19
6.64
6.47
6.47
6.01
5.6
5.12
4.91
5.36
5.87
6.47
6.31
6.01
5.6
5.36
5.6
6.01
6.31
6.47
6.31
6.64
7.59
9.38
9.38
10.37
10.74
10.02
8.28
8.04
8.8
10.37
12.48
14.12
14.12
12.99
11.14
10.02
9.69
10.02
9.69
9.08
8.53
8.8
8.53
8.04
8.8
11.14
11.56
11.14
8.53
6.64
5.87
5.36
4.91
5.24
5.48
5.12
5.24
5.6
5.73
6.16
6.64
7.19
6.81
6.31
6.47
6.64
6.47
6.16
6.31
6.47
6.47
6.16
6.64
7.38
7.81
8.8
9.38
9.69
9.38
9.08
8.8
7.38
6.81
7.19
8.04
7
8.28
6.31
6.31
6.47
5.48
5.12
5.73
5.73
5.73
5.36
5.36
5.48
5.73
5.24
5.6
5.36
7.19
6.47
6.16
7.19
7.59
7.59
8.04
8.04
7.81
7.38
7.38
7.81
8.8
8.8
8.28
9.08
7.81
10.37
8.8
11.14
9.69
7.81
7.81
8.04
7.59
10.02
8.53
9.08
7.38
7.38
6.81
5.73
5.73
7.19
7.19
7
6.64
7
6.81
6.64
7
7.59
6.47
7.19
7.81
6.64
7.81
8.28
9.08
8.04
7.19
7.81
8.28
8.53
8.53
9.38
7.59
8.04
6.81
6.31
6.81
7.19
7.38
6.81
7.19
6.81
7
6.81
7
7.19
8.04
8.53
8.53
8.8
9.38
9.08
9.08
10.02
9.38
8.8
8.28
8.28
8.53
7.59
7
6.64
6.47
6.31
5.73
5.87
5.73
5.36
5.48
5.48
5.24
4.91
4.91
4.43
4.18
4.26
4.03
4.11
3.88
3.68
3.44
3.02
2.93
2.68
2.49
2.53
2.46
2.3
2.15
2.07
2.02
1.97
1.95
1.92
1.9
2
2.02
1.9
1.79
1.69
1.73
1.77
1.77
1.77
1.73
1.65
1.64
1.62
1.62
1.64
1.65
1.71
1.81
1.9
1.9
1.95
2.05
1.97
1.95
1.95
1.81
1.73
1.71
1.64
1.67
1.64
1.69
1.64
1.62
1.67
1.65
1.64
1.65
1.69
1.73
1.69
1.64
1.48
1.29
1.13
1.05
0.94
0.84
0.85
0.83
0.79
0.75
0.73
0.7
0.7
0.67
0.61
0.54
0.48
0.46
0.47
0.47
0.45
0.44
0.44
0.43
0.41
0.38
0.35
0.31
0.29
0.25
0.23
0.21
0.19
0.17
0.14
0.13
0.12
0.11
0.1
0.08
0.07
0.06
0.05
0.04
0.03
0.03
0.02
0.02
0.02
0.01
0.01
0.01
0.01
0.01
0
0
0
0
0
0
0
0
0
0
0
0
0
0
0
0
0
0
0
0
0
0
0
0
0
0
0
0
0
0
0
0
0
0
0
0
0
0
0
0
0
0
0
0
0
0
0
0
0
0
0
0
0
0
0
0
0
0
0
0
0
0
0
0
0
0
0
0
0
0
0
0
0
0
0
0
0
0
0
0
0
0
0
0
0
0
0
0
0
0
0
0
0
0
0
0
0
0
0
0
0
0
0
0
0
0
0
0
0
0
0
0
0
0
0
0
0
0
0
0
0
0
0
0
0
0
0
0
0
0
0
0
0
0
0
0
0
0
0
0
0
0
0
0
0
0
0
0
0
0
0
0
0
0
0
0
0
0
0
0
0
0
0
0
0
0
0
0
0
0
0
0
0
0
0
0
0
0
0
0
0
0
0
0
0
0
0
0
0
0
0
0
0
0
0
0
0
0
0
0
0
0
0
0
0
0
0
0
0
0
0
0
0
0
0
0
0
0
0
0
0
0
0
0
0
0
0
0
0
0
0
0
0
0
0
0
0
0
0
0
0
0
0
0
0
0
0
0
0
0
0
0
0
0
0
0
0
0
0
0
0
0
0
0
0
0
0
0
0
0
0
0
0
0
0
0
0
0
0
0
0
0
0
0
0
0
0
0
0
0
0
0
0
0
0
0
0
0
0
0
0
0
0
0
0
0
0
0
0
0
0
0
0
0
0
0
0
0
0
0
0
0
0
0
0
0
0
0
0
0
0
0
0
0
0
0
0
0
0
0
0
0
0
0
0
0
0
0
0
0
0
0
0
0
0
0
0
0
0
0
0
0
0
0
0
0
0
0
0
0
0
0
0
0
0
0
0
0
0
0
0
0
0
0
0
0
0
0
0
0
0
0
0
0
0
0
0
0
0
0
0
0
0
0
0
0
0
0
0
0
0
0
0
0
0
0
0
0
0
0
0
0
0
0
0
0
0
0
0
0
0
0
