0
0
0
0
0
0
0
0
0
0
0
0
0
0
0
0
0
0
0
0
0
0
0
0
0
0
0
0
0
0
0
0
0
0
0
0
0
0
0
0
0
0
0
0
0
0
0
0
0
0
0
0
0
0
0
0
0
0
0
0
0
0
0
0
0
0
0
0
0
0
0
0
0
0
0
0
0
0
0
0
0
0
0
0
0
0
0
0
0
0
0
0
0
0
0
0
0
0
0
0
0
0
0
0
0
0
0
0
0
0
0
0
0
0
0
0
0
0
0
0
0
0
0
0
0
0
0
0
0
0
0
0
0
0
0
0
0
0
0
0
0
0
0
0
0
0
0
0
0
0
0
0
0
0
0
0
0
0
0
0
0
0
0
0
0
0
0
0
0
0
0
0
0
0
0
0
0
0
0
0
0
0
0
0
0
0
0
0
0
0
0
0
0
0
0
0
0
0
0
0
0
0
0
0
0
0
0
0
0
0
0
0
0
0
0
0
0
0
0
0
0
0
0
0
0
0
0
0
0
0
0
0
0
0
0
0
0
0
0
0
0
0
0
0
0
0
0
0
0
0
0
0
0
0
0
0
0
0
0
0
0
0
0
0
0
0
0
0
0
0
0
0
0
0
0
0
0
0
0
0
0
0
0
0
0
0
0
0
0
0
0
0
0
0
0
0
0
0
0
0
0
0
0
0
0
0
0
0
0
0
0
0
0
0
0
0
0
0
0
0
0
0
0
0
0
0
0
0
0
0
0
0
0
0
0
0
0
0
0
0
0
0
0
0
0
0
0
0
0
0
0
0
0
0
0
0
0
0
0
0
0
0
0
0
0
0
0
0
0
0
0
0
0
0
0
0
0
0
0
0
0
0
0
0
0
0
0
0
0
0
0
0
0
0
0
0
0
0
0
0
0
0
0
0
0
0
0
0
0
0
0
0
0
0
0
0
0
0
0
0
0
0
0
0
0
0
0
0
0
0
0.01
0.01
0.01
0.01
0.01
0.01
0.01
0.01
0.02
0.02
0.03
0.03
0.04
0.07
0.08
0.1
0.11
0.13
0.15
0.16
0.17
0.19
0.22
0.23
0.26
0.28
0.31
0.32
0.34
0.36
0.38
0.4
0.42
0.45
0.48
0.5
0.54
0.57
0.61
0.66
0.7
0.71
0.74
0.74
0.77
0.8
0.83
0.85
0.88
0.89
0.95
1.06
1.19
1.37
1.35
1.29
1.31
1.35
1.38
1.31
1.31
1.32
1.36
1.4
1.39
1.38
1.37
1.38
1.39
1.41
1.42
1.45
1.43
1.43
1.42
1.44
1.44
1.44
1.47
1.52
1.57
1.59
1.6
1.64
1.7
1.7
1.76
1.79
1.87
1.85
1.91
2.01
2.05
2.15
2.16
2.18
2.19
2.21
2.23
2.28
2.3
2.26
2.28
2.31
2.31
2.35
2.37
2.37
2.39
2.39
2.41
2.44
2.46
2.46
2.5
2.52
2.54
2.54
2.54
2.58
2.58
2.58
2.6
2.58
2.58
2.58
2.6
2.58
2.62
2.64
2.64
2.69
2.69
2.71
2.73
2.73
2.73
2.75
2.73
2.73
2.78
2.78
2.8
2.8
2.8
2.82
2.82
2.84
2.84
2.75
2.78
2.82
2.8
2.82
2.84
2.84
2.84
2.89
2.89
2.92
2.92
2.92
2.92
2.94
2.94
2.94
2.96
2.96
2.96
2.99
2.99
2.99
3.01
3.01
2.99
3.01
3.01
3.01
3.04
3.04
3.04
3.07
3.07
3.12
3.23
3.34
3.49
3.62
4.08
4.45
4.64
4.41
3.86
3.65
3.4
3.26
3.15
3.09
3.12
3.12
3.09
3.09
3.09
3.12
3.12
3.12
3.07
3.12
3.12
3.12
3.09
3.17
3.15
3.09
3.07
3.09
3.09
3.15
3.09
3.09
3.34
3.12
3.15
3.15
3.15
3.15
3.15
3.17
3.15
3.17
3.15
3.15
3.15
3.15
3.15
3.17
3.17
3.17
3.15
3.2
3.23
3.2
3.2
3.15
3.17
3.17
3.17
3.17
3.2
3.23
3.2
3.2
3.2
3.4
3.34
3.34
3.34
3.34
3.2
3.37
3.37
3.37
3.31
3.4
3.52
3.46
3.43
3.43
3.46
3.46
3.49
3.55
3.82
3.82
3.55
3.43
3.55
3.4
3.43
3.72
3.69
3.59
3.65
3.79
3.65
3.65
3.65
3.79
3.55
3.65
3.86
3.75
4.01
3.75
3.62
3.62
3.12
3.89
3.82
3.23
3.72
3.62
3.72
3.69
3.59
3.72
3.89
3.75
3.69
3.59
4.01
5.14
5.79
6.27
6.2
4.78
4.83
5.54
5.6
4.59
3.79
4.45
3.86
3.93
7.16
6.57
6.65
5.73
4.88
3.69
5.08
5.86
3.82
3.46
4.2
4.37
4.64
4.28
4.04
4.45
4.54
5.14
6.5
7.07
6.65
5.42
4.93
4.41
4.01
4.12
3.34
3.49
3.86
4.04
4.12
4.2
4.04
3.93
4.01
3.97
4.28
4.59
4.32
4.88
4.98
5.48
5.99
4.45
4.04
3.69
3.72
3.65
3.59
3.46
3.69
3.46
3.28
3.4
3.4
3.23
3.46
3.31
3.75
3.97
3.93
3.69
4.04
4.83
5.19
5.79
5.86
5.99
5.79
6.42
5.99
4.93
4.59
4.93
4.5
4.64
4.5
4.28
4.08
4.08
3.75
3.46
3.97
4.16
3.34
3.12
3.23
3.28
3.26
3.31
3.43
3.62
3.28
3.34
3.15
3.17
3.34
3.34
3.89
4.01
3.46
3.31
3.17
2.92
3.01
3.07
3.07
3.12
3.15
3.55
3.46
3.4
3.65
4.16
3.97
3.75
3.89
4.32
4.37
4.16
3.86
3.86
3.86
3.49
2.99
2.99
2.71
2.71
2.64
2.6
2.5
2.56
2.46
2.62
2.73
2.71
2.62
2.54
2.56
2.46
2.46
2.64
2.6
2.42
2.35
2.3
2.26
2.33
2.33
2.11
1.99
1.88
1.96
2.04
1.99
1.99
1.92
1.85
1.84
1.81
1.71
1.61
1.48
1.45
1.39
1.29
1.23
1.2
1.15
1.1
1.07
1.06
1.05
1.06
1.07
1.07
1.15
1.18
1.21
1.23
1.18
1.09
1
0.98
0.96
0.96
0.95
0.94
0.92
0.89
0.87
0.85
0.83
0.81
0.79
0.77
0.76
0.74
0.71
0.67
0.64
0.61
0.57
0.54
0.5
0.47
0.45
0.42
0.39
0.36
0.33
0.3
0.28
0.26
0.26
0.25
0.25
0.22
0.19
0.17
0.14
0.11
0.1
0.08
0.07
0.06
0.05
0.05
0.04
0.03
0.03
0.03
0.02
0.02
0.01
0.01
0.01
0.01
0.01
0
0
0
0
0
0
0
0
0
0
0
0
0
0
0
0
0
0
0
0
0
0
0
0
0
0
0
0
0
0
0
0
0
0
0
0
0
0
0
0
0
0
0
0
0
0
0
0
0
0
0
0
0
0
0
0
0
0
0
0
0
0
0
0
0
0
0
0
0
0
0
0
0
0
0
0
0
0
0
0
0
0
0
0
0
0
0
0
0
0
0
0
0
0
0
0
0
0
0
0
0
0
0
0
0
0
0
0
0
0
0
0
0
0
0
0
0
0
0
0
0
0
0
0
0
0
0
0
0
0
0
0
0
0
0
0
0
0
0
0
0
0
0
0
0
0
0
0
0
0
0
0
0
0
0
0
0
0
0
0
0
0
0
0
0
0
0
0
0
0
0
0
0
0
0
0
0
0
0
0
0
0
0
0
0
0
0
0
0
0
0
0
0
0
0
0
0
0
0
0
0
0
0
0
0
0
0
0
0
0
0
0
0
0
0
0
0
0
0
0
0
0
0
0
0
0
0
0
0
0
0
0
0
0
0
0
0
0
0
0
0
0
0
0
0
0
0
0
0
0
0
0
0
0
0
0
0
0
0
0
0
0
0
0
0
0
0
0
0
0
0
0
0
0
0
0
0
0
0
0
0
0
0
0
0
0
0
0
0
0
0
0
0
0
0
0
0
0
0
0
0
0
0
0
0
0
0
0
0
0
0
0
0
0
0
0
0
0
0
0
0
0
0
0
0
0
0
0
0
0
0
0
0
0
0
0
0
0
0
0
0
0
0
0
0
0
0
0
0
0
0
0
0
0
0
0
0
0
0
0
0
0
0
0
0
0
0
0
0
0
0
0
0
0
0
0
0
0
0
0
0
0
0
0
0
0
0
0
0
0
0
0
0
0
0
0
0
0
0
0
0
0
0
0
0
0
0
0
0
0
0
0
0
0
0
0
0
0
0
0
0
0
0
0
0
0
0
0
0
0
0
0
0
0
0
0
0
0
0
0
0
0
0
0
0
0
0
