0
0
0
0
0
0
0
0
0
0
0
0
0
0
0
0
0
0
0
0
0
0
0
0
0
0
0
0
0
0
0
0
0
0
0
0
0
0
0
0
0
0
0
0
0
0
0
0
0
0
0
0
0
0
0
0
0
0
0
0
0
0
0
0
0
0
0
0
0
0
0
0
0
0
0
0
0
0
0
0
0
0
0
0
0
0
0
0
0
0
0
0
0
0
0
0
0
0
0
0
0
0
0
0
0
0
0
0
0
0
0
0
0
0
0
0
0
0
0
0
0
0
0
0
0
0
0
0
0
0
0
0
0
0
0
0
0
0
0
0
0
0
0
0
0
0
0
0
0
0
0
0
0
0
0
0
0
0
0
0
0
0
0
0
0
0
0
0
0
0
0
0
0
0
0
0
0
0
0
0
0
0
0
0
0
0
0
0
0
0
0
0
0
0
0
0
0
0
0
0
0
0
0
0
0
0
0
0
0
0
0
0
0
0
0
0
0
0
0
0
0
0
0
0
0
0
0
0
0
0
0
0
0
0
0
0
0
0
0
0
0
0
0
0
0
0
0
0
0
0
0
0
0
0
0
0
0
0
0
0
0
0
0
0
0
0
0
0
0
0
0
0
0
0
0
0
0
0
0
0
0
0
0
0
0
0
0
0
0
0
0
0
0
0
0
0
0
0
0
0
0
0
0
0
0
0
0
0
0
0
0
0
0
0
0
0
0
0
0
0
0
0
0
0
0
0
0
0
0
0
0
0
0
0
0
0
0
0
0
0
0
0
0
0
0
0
0
0
0
0
0
0
0
0
0
0
0
0
0
0
0
0
0
0
0
0
0
0
0
0
0
0
0
0
0
0
0
0
0
0
0
0
0
0
0
0
0
0
0
0
0
0
0
0
0
0
0
0
0
0
0
0
0
0
0
0
0
0
0
0
0
0
0
0
0
0
0
0
0
0
0
0
0
0
0
0
0
0
0
0
0.01
0.01
0.01
0.01
0.01
0.01
0.02
0.02
0.02
0.03
0.03
0.04
0.04
0.05
0.06
0.06
0.08
0.09
0.1
0.1
0.13
0.15
0.16
0.18
0.2
0.22
0.24
0.27
0.29
0.32
0.34
0.35
0.37
0.39
0.42
0.45
0.48
0.51
0.54
0.58
0.62
0.65
0.69
0.73
0.76
0.8
0.84
0.89
0.93
0.98
1.02
1.07
1.11
1.12
1.16
1.21
1.24
1.3
1.34
1.38
1.41
1.45
1.45
1.48
1.52
1.55
1.6
1.65
1.69
1.71
1.77
1.79
1.81
1.83
1.9
1.9
1.95
2
2.05
2.07
2.1
2.1
2.15
2.21
2.24
2.24
2.27
2.3
2.33
2.33
2.36
2.39
2.42
2.46
2.49
2.49
2.49
2.39
2.53
2.56
2.56
2.6
2.64
2.64
2.68
2.72
2.72
2.76
2.76
2.76
2.8
2.84
2.84
2.88
2.88
2.88
2.93
2.93
2.97
2.97
2.93
3.02
3.07
3.02
3.07
3.12
3.12
3.17
3.17
3.17
3.17
3.17
3.22
3.22
3.27
3.27
3.27
3.32
3.32
3.38
3.38
3.38
3.38
3.44
3.44
3.5
3.5
3.5
3.56
3.56
3.56
3.62
3.56
3.62
3.68
3.68
3.68
3.68
3.75
3.75
3.75
3.75
3.81
3.81
3.88
3.88
3.88
3.88
3.96
3.96
3.96
3.96
4.03
4.03
4.03
4.11
4.18
4.18
4.52
4.52
4.26
4.26
4.18
4.52
4.03
4.26
4.52
3.88
4.35
4.62
4.03
3.96
4.43
4.52
4.35
3.96
4.11
3.88
4.11
4.18
4.03
4.11
4.18
4.18
4.18
4.18
4.18
4.18
4.18
4.03
4.26
4.18
4.26
4.35
4.35
4.35
4.35
4.43
4.43
4.43
4.62
5.02
4.91
5.02
5.87
6.31
6.47
6.47
6.01
8.8
8.53
6.81
5.24
4.91
6.16
6.31
5.6
5.6
6.31
7
5.87
4.81
4.62
5.48
6.16
7.19
8.8
11.14
8.53
8.53
8.53
8.8
8.04
3.12
2.76
9.69
10.37
10.02
7.38
8.8
7.38
7.38
9.08
7
5.48
5.73
6.81
6.81
6.31
6.31
7.59
5.73
5.12
5.36
6.16
7.59
8.8
6.81
7.19
10.74
7.81
6.01
5.12
6.31
8.04
6.47
6.16
5.87
5.12
5.02
4.91
5.02
5.02
5.48
5.12
5.02
5.24
6.01
6.81
6.01
5.6
7.38
8.28
7.59
7.19
8.28
7
6.81
7.59
8.28
9.38
9.38
9.08
8.04
8.04
7
6.16
6.47
7.81
9.08
12
12
8.8
16.18
11.14
8.04
11.56
8.8
6.64
10.02
11.56
8.53
8.8
7
8.28
8.53
8.04
7.59
9.08
9.69
9.69
8.53
10.02
8.28
8.04
8.53
10.02
10.37
8.53
9.08
8.04
7
6.31
5.87
5.73
5.12
4.91
4.71
5.6
5.73
5.73
5.24
5.12
5.36
5.73
5.87
5.73
5.48
5.48
5.73
5.87
6.47
8.04
8.8
8.53
7.81
7
6.01
5.6
5.87
5.87
6.47
6.47
6.01
6.01
6.47
8.04
7.38
6.81
7.81
6.81
5.24
5.36
5.48
5.87
5.02
5.87
6.81
6.31
5.87
7.59
6.81
6.16
7
6.81
6.01
5.24
5.87
5.73
5.12
5.12
4.26
3.5
3.44
3.17
2.68
3.02
3.81
3.68
3.5
3.27
3.56
3.75
3.68
3.81
4.03
4.52
4.62
4.91
4.03
3.62
3.81
3.56
3.68
4.11
4.35
3.62
3.32
3.27
3.62
3.62
2.8
2.56
2.6
3.17
3.56
3.07
2.64
2.93
3.07
3.02
3.22
3.44
3.56
3.5
3.12
2.76
2.64
2.93
2.64
2.42
2.68
2.64
2.68
2.84
2.64
2.36
2.56
2.6
2.6
2.42
1.97
1.79
1.81
1.75
1.86
1.79
1.62
1.58
1.58
1.55
1.42
1.26
1.24
1.13
1.04
0.8
0.79
0.81
0.8
0.91
1.01
1.04
1.15
1.15
1.14
1.04
0.9
0.98
0.98
1.09
1.09
0.96
0.75
0.68
0.69
0.71
0.59
0.59
0.68
0.68
0.69
0.67
0.65
0.7
0.73
0.67
0.67
0.65
0.62
0.61
0.55
0.51
0.5
0.47
0.44
0.41
0.39
0.35
0.33
0.3
0.26
0.23
0.21
0.19
0.17
0.14
0.13
0.11
0.1
0.09
0.07
0.07
0.07
0.06
0.05
0.04
0.04
0.04
0.03
0.03
0.02
0.02
0.02
0.02
0.02
0.01
0.01
0.01
0.01
0.01
0.01
0.01
0
0
0
0
0
0
0
0
0
0
0
0
0
0
0
0
0
0
0
0
0
0
0
0
0
0
0
0
0
0
0
0
0
0
0
0
0
0
0
0
0
0
0
0
0
0
0
0
0
0
0
0
0
0
0
0
0
0
0
0
0
0
0
0
0
0
0
0
0
0
0
0
0
0
0
0
0
0
0
0
0
0
0
0
0
0
0
0
0
0
0
0
0
0
0
0
0
0
0
0
0
0
0
0
0
0
0
0
0
0
0
0
0
0
0
0
0
0
0
0
0
0
0
0
0
0
0
0
0
0
0
0
0
0
0
0
0
0
0
0
0
0
0
0
0
0
0
0
0
0
0
0
0
0
0
0
0
0
0
0
0
0
0
0
0
0
0
0
0
0
0
0
0
0
0
0
0
0
0
0
0
0
0
0
0
0
0
0
0
0
0
0
0
0
0
0
0
0
0
0
0
0
0
0
0
0
0
0
0
0
0
0
0
0
0
0
0
0
0
0
0
0
0
0
0
0
0
0
0
0
0
0
0
0
0
0
0
0
0
0
0
0
0
0
0
0
0
0
0
0
0
0
0
0
0
0
0
0
0
0
0
0
0
0
0
0
0
0
0
0
0
0
0
0
0
0
0
0
0
0
0
0
0
0
0
0
0
0
0
0
0
0
0
0
0
0
0
0
0
0
0
0
0
0
0
0
0
0
0
0
0
0
0
0
0
0
0
0
0
0
0
0
0
0
0
0
0
0
0
0
0
0
0
0
0
0
0
0
0
0
0
0
0
0
0
0
0
0
0
0
0
0
0
0
0
0
0
0
0
0
0
0
0
0
0
0
0
0
0
0
0
0
0
0
0
0
0
0
0
0
0
0
0
0
0
0
0
0
0
0
0
0
0
0
0
0
0
0
0
0
0
0
0
0
0
0
0
0
0
0
0
0
0
0
0
0
0
0
0
0
0
0
0
0
0
0
0
0
0
0
0
0
0
0
0
0
0
0
0
0
0
0
0
0
0
0
0
