0
0
0
0
0
0
0
0
0
0
0
0
0
0
0
0
0
0
0
0
0
0
0
0
0
0
0
0
0
0
0
0
0
0
0
0
0
0
0
0
0
0
0
0
0
0
0
0
0
0
0
0
0
0
0
0
0
0
0
0
0
0
0
0
0
0
0
0
0
0
0
0
0
0
0
0
0
0
0
0
0
0
0
0
0
0
0
0
0
0
0
0
0
0
0
0
0
0
0
0
0
0
0
0
0
0
0
0
0
0
0
0
0
0
0
0
0
0
0
0
0
0
0
0
0
0
0
0
0
0
0
0
0
0
0
0
0
0
0
0
0
0
0
0
0
0
0
0
0
0
0
0
0
0
0
0
0
0
0
0
0
0
0
0
0
0
0
0
0
0
0
0
0
0
0
0
0
0
0
0
0
0
0
0
0
0
0
0
0
0
0
0
0
0
0
0
0
0
0
0
0
0
0
0
0
0
0
0
0
0
0
0
0
0
0
0
0
0
0
0
0
0
0
0
0
0
0
0
0
0
0
0
0
0
0
0
0
0
0
0
0
0
0
0
0
0
0
0
0
0
0
0
0
0
0
0
0
0
0
0
0
0
0
0
0
0
0
0
0
0
0
0
0
0
0
0
0
0
0
0
0
0
0
0
0
0
0
0
0
0
0
0
0
0
0
0
0
0
0
0
0
0
0
0
0
0
0
0
0
0
0
0
0
0
0
0
0
0
0
0
0
0
0
0
0
0
0
0
0
0
0
0
0
0
0
0
0
0
0
0
0
0
0
0
0
0
0
0
0
0
0
0
0
0
0
0
0
0
0
0
0
0
0
0
0
0
0
0
0
0
0
0
0
0
0
0
0
0
0
0
0
0
0
0
0
0
0
0
0
0
0
0
0
0
0
0
0
0
0
0
0
0
0
0
0
0
0
0
0
0
0
0
0
0
0
0
0
0
0
0
0
0
0
0
0
0
0
0
0
0
0
0.007
0.007
0.007
0.007
0.007
0.007
0.014
0.014
0.014
0.021
0.021
0.028
0.035
0.035
0.042
0.049
0.056
0.063
0.07
0.084
0.091
0.105
0.119
0.126
0.14
0.154
0.168
0.189
0.203
0.217
0.231
0.252
0.273
0.287
0.308
0.322
0.343
0.364
0.378
0.399
0.42
0.441
0.462
0.476
0.497
0.518
0.539
0.56
0.574
0.588
0.609
0.63
0.651
0.665
0.693
0.721
0.742
0.763
0.777
0.798
0.812
0.826
0.84
0.868
0.875
0.889
0.91
0.931
0.938
0.959
0.966
0.987
0.994
1.008
1.029
1.036
1.05
1.064
1.071
1.099
1.106
1.12
1.12
1.134
1.148
1.155
1.169
1.183
1.197
1.197
1.211
1.225
1.239
1.239
1.253
1.267
1.267
1.281
1.302
1.302
1.316
1.316
1.33
1.33
1.344
1.344
1.365
1.365
1.379
1.379
1.4
1.4
1.4
1.414
1.414
1.414
1.435
1.435
1.449
1.449
1.449
1.47
1.47
1.47
1.484
1.484
1.505
1.505
1.505
1.526
1.526
1.526
1.526
1.547
1.547
1.547
1.568
1.568
1.568
1.589
1.589
1.589
1.589
1.61
1.61
1.61
1.631
1.631
1.631
1.631
1.652
1.652
1.652
1.673
1.673
1.673
1.673
1.694
1.694
1.694
1.694
1.694
1.722
1.722
1.722
1.743
1.743
1.743
1.743
1.743
1.743
1.771
1.771
1.771
1.771
1.771
1.771
1.792
1.771
1.82
1.792
1.792
1.792
1.792
1.82
1.82
1.82
1.82
1.82
1.82
1.82
1.82
1.848
1.848
1.848
1.848
1.848
1.876
1.876
1.876
1.876
1.876
1.876
1.876
1.876
1.904
1.904
1.904
1.904
1.904
1.904
1.904
1.932
1.932
1.932
1.932
1.932
1.932
1.848
1.932
1.932
1.96
1.96
1.932
1.96
1.96
1.96
1.96
1.96
1.96
1.96
1.96
1.96
1.988
1.988
1.96
1.96
1.988
1.988
1.988
1.988
1.988
1.988
1.988
1.988
1.988
1.988
1.988
1.988
1.988
2.016
2.016
2.016
2.016
2.051
2.051
2.051
2.051
2.079
2.114
2.149
2.219
2.289
2.114
2.184
2.149
2.114
2.114
2.149
1.904
2.408
2.982
2.716
2.289
2.149
2.149
2.149
2.184
2.184
2.254
2.184
2.184
2.149
2.149
2.184
2.254
2.219
2.219
2.184
2.184
2.184
2.184
2.184
2.184
2.184
2.184
2.184
2.184
2.219
2.219
2.219
2.219
2.219
2.219
2.219
2.219
2.219
2.219
2.219
2.219
2.254
2.254
2.289
2.324
2.324
2.366
2.324
2.366
2.492
2.821
2.926
2.767
2.471
3.668
2.512
3.668
3.566
3.514
2.366
2.783
2.219
2.796
2.324
2.625
2.45
2.366
2.366
2.576
3.045
2.821
2.576
2.821
2.821
2.45
2.408
2.366
2.324
2.366
2.366
2.324
2.289
2.289
2.114
2.219
2.219
2.219
2.219
2.219
2.184
2.184
2.184
2.149
2.149
2.149
2.149
2.149
2.149
2.219
2.45
2.667
2.289
2.184
2.016
2.149
2.149
2.149
2.079
2.254
2.366
2.289
2.324
2.254
2.114
2.114
2.114
2.114
2.114
2.079
2.079
2.079
2.079
2.051
2.079
2.079
2.079
2.051
2.051
2.051
2.079
2.114
2.114
2.219
2.149
2.051
2.016
1.988
1.988
1.988
1.988
1.988
1.96
1.932
1.96
1.96
1.904
1.932
1.932
1.932
1.904
1.904
1.904
1.904
1.932
2.016
2.016
1.904
1.96
2.114
2.254
1.96
1.988
1.904
1.988
2.114
2.051
1.932
1.932
1.904
1.848
1.792
1.82
1.876
2.051
1.904
1.792
1.743
1.743
1.673
1.743
1.722
1.694
1.673
1.673
1.694
1.673
1.652
1.652
1.631
1.631
1.61
1.547
1.589
1.547
1.568
1.568
1.547
1.547
1.526
1.505
1.505
1.484
1.484
1.47
1.449
1.449
1.435
1.435
1.414
1.414
1.435
1.4
1.4
1.379
1.365
1.365
1.344
1.365
1.379
1.365
1.414
1.61
1.743
1.771
1.792
1.652
1.547
1.435
1.344
1.316
1.253
1.155
1.05
0.994
0.959
0.945
0.945
0.903
0.819
0.756
0.714
0.686
0.672
0.651
0.63
0.609
0.588
0.56
0.539
0.518
0.49
0.469
0.448
0.427
0.406
0.385
0.357
0.343
0.315
0.301
0.28
0.259
0.238
0.224
0.203
0.182
0.168
0.147
0.14
0.126
0.112
0.105
0.091
0.084
0.07
0.063
0.056
0.049
0.042
0.035
0.028
0.028
0.021
0.021
0.014
0.014
0.014
0.007
0.007
0.007
0.007
0.007
0.007
0
0
0
0
0
0
0
0
0
0
0
0
0
0
0
0
0
0
0
0
0
0
0
0
0
0
0
0
0
0
0
0
0
0
0
0
0
0
0
0
0
0
0
0
0
0
0
0
0
0
0
0
0
0
0
0
0
0
0
0
0
0
0
0
0
0
0
0
0
0
0
0
0
0
0
0
0
0
0
0
0
0
0
0
0
0
0
0
0
0
0
0
0
0
0
0
0
0
0
0
0
0
0
0
0
0
0
0
0
0
0
0
0
0
0
0
0
0
0
0
0
0
0
0
0
0
0
0
0
0
0
0
0
0
0
0
0
0
0
0
0
0
0
0
0
0
0
0
0
0
0
0
0
0
0
0
0
0
0
0
0
0
0
0
0
0
0
0
0
0
0
0
0
0
0
0
0
0
0
0
0
0
0
0
0
0
0
0
0
0
0
0
0
0
0
0
0
0
0
0
0
0
0
0
0
0
0
0
0
0
0
0
0
0
0
0
0
0
0
0
0
0
0
0
0
0
0
0
0
0
0
0
0
0
0
0
0
0
0
0
0
0
0
0
0
0
0
0
0
0
0
0
0
0
0
0
0
0
0
0
0
0
0
0
0
0
0
0
0
0
0
0
0
0
0
0
0
0
0
0
0
0
0
0
0
0
0
0
0
0
0
0
0
0
0
0
0
0
0
0
0
0
0
0
0
0
0
0
0
0
0
0
0
0
0
0
0
0
0
0
0
0
0
0
0
0
0
0
0
0
0
0
0
0
0
0
0
0
0
0
0
0
0
0
0
0
0
0
0
0
0
0
0
0
0
0
0
0
0
0
0
0
0
0
0
0
0
0
0
0
0
0
0
0
0
0
0
0
0
0
0
0
0
0
0
0
0
0
0
0
0
0
0
0
0
0
0
0
0
0
0
0
0
0
0
0
0
0
0
0
0
0
0
0
0
0
0
0
0
0
0
0
0
0
0
0
0
0
0
0
0
0
0
0
0
0
0
0
0
0
0
0
0
0
0
0
0
